09:00:10,15.45,138,138,15.45_15.50_15.55_15.60_15.65_,34_274_402_725_209_,15.40_15.35_15.30_15.25_15.20_,96_120_169_354_129_
09:00:21,15.45,138,138,15.45_15.50_15.55_15.60_15.65_,23_322_473_869_209_,15.40_15.35_15.30_15.25_15.20_,112_151_198_354_129_
09:00:26,15.45,138,138,15.45_15.50_15.55_15.60_15.65_,23_322_473_869_207_,15.40_15.35_15.30_15.25_15.20_,112_151_199_354_129_
09:01:37,15.45,8,166,15.50_15.55_15.60_15.65_15.70_,329_476_876_209_509_,15.45_15.40_15.35_15.30_15.25_,2_128_153_204_402_
09:01:58,15.40,4,183,15.45_15.50_15.55_15.60_15.65_,16_331_585_879_260_,15.40_15.35_15.30_15.25_15.20_,102_161_206_423_129_
09:02:03,15.40,4,183,15.45_15.50_15.55_15.60_15.65_,16_331_590_889_260_,15.40_15.35_15.30_15.25_15.20_,102_161_206_423_129_
09:02:13,15.40,4,183,15.45_15.50_15.55_15.60_15.65_,16_331_590_891_265_,15.40_15.35_15.30_15.25_15.20_,102_161_206_423_129_
09:02:24,15.40,4,183,15.45_15.50_15.55_15.60_15.65_,17_331_590_911_265_,15.40_15.35_15.30_15.25_15.20_,102_161_206_423_129_
09:02:39,15.45,1,189,15.45_15.50_15.55_15.60_15.65_,13_335_590_907_265_,15.40_15.35_15.30_15.25_15.20_,100_161_206_423_129_
09:03:10,15.45,2,192,15.45_15.50_15.55_15.60_15.65_,29_346_601_913_234_,15.40_15.35_15.30_15.25_15.20_,100_165_206_423_144_
09:03:40,15.45,1,198,15.45_15.50_15.55_15.60_15.65_,25_451_601_914_248_,15.40_15.35_15.30_15.25_15.20_,100_168_206_423_144_
09:04:21,15.45,1,216,15.45_15.50_15.55_15.60_15.65_,33_463_601_980_251_,15.40_15.35_15.30_15.25_15.20_,91_160_205_423_144_
09:04:47,15.45,1,219,15.45_15.50_15.55_15.60_15.65_,35_473_602_980_251_,15.40_15.35_15.30_15.25_15.20_,91_160_211_423_144_
09:04:57,15.45,1,219,15.45_15.50_15.55_15.60_15.65_,35_476_625_987_251_,15.40_15.35_15.30_15.25_15.20_,91_170_212_423_144_
09:05:08,15.45,1,219,15.45_15.50_15.55_15.60_15.65_,36_476_625_987_252_,15.40_15.35_15.30_15.25_15.20_,91_170_212_423_144_
09:05:18,15.45,3,222,15.45_15.50_15.55_15.60_15.65_,33_476_625_989_252_,15.40_15.35_15.30_15.25_15.20_,91_170_213_423_144_
09:05:38,15.45,20,242,15.45_15.50_15.55_15.60_15.65_,24_476_625_1001_252_,15.40_15.35_15.30_15.25_15.20_,92_170_213_423_144_
09:05:59,15.40,2,247,15.45_15.50_15.55_15.60_15.65_,22_468_633_1001_253_,15.40_15.35_15.30_15.25_15.20_,93_170_213_423_144_
09:06:04,15.40,2,247,15.45_15.50_15.55_15.60_15.65_,22_468_633_1002_252_,15.40_15.35_15.30_15.25_15.20_,93_170_213_423_144_
09:06:19,15.40,2,247,15.45_15.50_15.55_15.60_15.65_,22_468_634_1002_252_,15.40_15.35_15.30_15.25_15.20_,97_170_214_423_144_
09:06:30,15.45,17,286,15.50_15.55_15.60_15.65_15.70_,497_627_1040_282_544_,15.45_15.40_15.35_15.30_15.25_,15_95_170_252_354_
09:06:50,15.35,22,403,15.40_15.45_15.50_15.55_15.60_,8_19_509_627_1035_,15.35_15.30_15.25_15.20_15.15_,155_220_428_198_142_
09:07:00,15.35,26,429,15.40_15.45_15.50_15.55_15.60_,12_3_475_602_1019_,15.35_15.30_15.25_15.20_15.15_,116_228_441_177_142_
09:07:16,15.40,13,442,15.45_15.50_15.55_15.60_15.65_,9_479_597_1017_243_,15.40_15.35_15.30_15.25_15.20_,35_119_228_441_187_
09:07:26,15.35,4,546,15.40_15.45_15.50_15.55_15.60_,1_13_498_617_1003_,15.35_15.30_15.25_15.20_15.15_,58_226_501_139_144_
09:07:36,15.35,9,602,15.40_15.45_15.50_15.55_15.60_,12_9_484_597_1011_,15.35_15.30_15.25_15.20_15.15_,3_226_443_220_144_
09:07:47,15.30,57,662,15.35_15.40_15.45_15.50_15.55_,6_19_16_476_614_,15.30_15.25_15.20_15.15_15.10_,159_433_193_192_46_
09:07:57,15.35,8,671,15.40_15.45_15.50_15.55_15.60_,19_30_452_617_858_,15.35_15.30_15.25_15.20_15.15_,39_158_429_189_177_
09:08:07,15.35,1,672,15.40_15.45_15.50_15.55_15.60_,19_8_503_598_1027_,15.35_15.30_15.25_15.20_15.15_,15_160_442_189_129_
09:08:28,15.35,1,672,15.40_15.45_15.50_15.55_15.60_,43_15_507_598_1031_,15.35_15.30_15.25_15.20_15.15_,15_149_460_192_129_
09:08:38,15.35,1,672,15.40_15.45_15.50_15.55_15.60_,43_15_507_598_1032_,15.35_15.30_15.25_15.20_15.15_,16_151_460_298_129_
09:08:48,15.35,1,672,15.40_15.45_15.50_15.55_15.60_,69_15_507_598_1032_,15.35_15.30_15.25_15.20_15.15_,16_151_460_299_129_
09:08:59,15.35,1,672,15.40_15.45_15.50_15.55_15.60_,69_16_507_598_1032_,15.35_15.30_15.25_15.20_15.15_,15_156_460_299_129_
09:09:09,15.35,6,678,15.40_15.45_15.50_15.55_15.60_,68_16_507_598_1032_,15.35_15.30_15.25_15.20_15.15_,9_157_460_299_129_
09:09:19,15.35,6,678,15.40_15.45_15.50_15.55_15.60_,68_16_507_598_1032_,15.35_15.30_15.25_15.20_15.15_,9_182_460_351_129_
09:09:29,15.35,6,678,15.40_15.45_15.50_15.55_15.60_,76_19_505_596_1032_,15.35_15.30_15.25_15.20_15.15_,9_182_460_351_129_
09:09:50,15.35,1,681,15.40_15.45_15.50_15.55_15.60_,74_19_505_596_1032_,15.35_15.30_15.25_15.20_15.15_,9_187_465_355_129_
09:10:00,15.35,1,681,15.40_15.45_15.50_15.55_15.60_,74_25_505_596_1032_,15.35_15.30_15.25_15.20_15.15_,9_187_465_355_129_
09:10:10,15.35,1,681,15.40_15.45_15.50_15.55_15.60_,74_25_505_596_1037_,15.35_15.30_15.25_15.20_15.15_,9_188_465_355_129_
09:10:21,15.35,1,681,15.40_15.45_15.50_15.55_15.60_,75_25_505_596_1037_,15.35_15.30_15.25_15.20_15.15_,9_188_465_357_129_
09:10:26,15.35,1,681,15.40_15.45_15.50_15.55_15.60_,75_30_509_595_1038_,15.35_15.30_15.25_15.20_15.15_,9_188_465_357_129_
09:10:41,15.35,1,681,15.40_15.45_15.50_15.55_15.60_,80_30_515_595_1041_,15.35_15.30_15.25_15.20_15.15_,11_188_465_362_129_
09:10:46,15.35,1,681,15.40_15.45_15.50_15.55_15.60_,80_30_515_595_1041_,15.35_15.30_15.25_15.20_15.15_,11_193_465_362_129_
09:11:17,15.35,2,683,15.40_15.45_15.50_15.55_15.60_,85_36_515_601_1041_,15.35_15.30_15.25_15.20_15.15_,9_194_465_364_129_
09:11:27,15.35,1,684,15.40_15.45_15.50_15.55_15.60_,85_36_515_601_1041_,15.35_15.30_15.25_15.20_15.15_,8_191_465_364_129_
09:11:37,15.35,8,692,15.35_15.40_15.45_15.50_15.55_,2_85_36_515_601_,15.30_15.25_15.20_15.15_15.10_,191_465_364_129_63_
09:11:58,15.35,2,752,15.35_15.40_15.45_15.50_15.55_,62_55_58_489_596_,15.30_15.25_15.20_15.15_15.10_,141_444_337_177_63_
09:12:08,15.30,4,756,15.35_15.40_15.45_15.50_15.55_,60_46_58_489_596_,15.30_15.25_15.20_15.15_15.10_,315_442_330_177_63_
09:12:18,15.35,47,804,15.35_15.40_15.45_15.50_15.55_,14_46_58_489_596_,15.30_15.25_15.20_15.15_15.10_,318_442_329_177_63_
09:12:39,15.30,7,831,15.35_15.40_15.45_15.50_15.55_,1_47_52_509_600_,15.30_15.25_15.20_15.15_15.10_,303_447_385_129_64_
09:12:49,15.30,7,831,15.35_15.40_15.45_15.50_15.55_,4_46_63_485_600_,15.30_15.25_15.20_15.15_15.10_,303_446_354_177_64_
09:12:59,15.35,4,835,15.40_15.45_15.50_15.55_15.60_,46_43_513_600_889_,15.35_15.30_15.25_15.20_15.15_,232_317_458_331_149_
09:13:09,15.35,4,839,15.40_15.45_15.50_15.55_15.60_,50_43_513_600_889_,15.35_15.30_15.25_15.20_15.15_,228_319_458_331_149_
09:13:20,15.35,7,846,15.40_15.45_15.50_15.55_15.60_,50_43_519_600_1051_,15.35_15.30_15.25_15.20_15.15_,222_310_472_331_149_
09:13:40,15.35,7,846,15.40_15.45_15.50_15.55_15.60_,63_41_524_603_1051_,15.35_15.30_15.25_15.20_15.15_,222_310_472_331_149_
09:13:50,15.35,7,846,15.40_15.45_15.50_15.55_15.60_,63_41_524_609_1052_,15.35_15.30_15.25_15.20_15.15_,222_320_472_331_159_
09:14:01,15.35,7,846,15.40_15.45_15.50_15.55_15.60_,64_41_524_609_1052_,15.35_15.30_15.25_15.20_15.15_,222_336_458_331_159_
09:14:16,15.35,7,846,15.40_15.45_15.50_15.55_15.60_,69_41_524_609_1052_,15.35_15.30_15.25_15.20_15.15_,225_336_458_331_159_
09:14:47,15.35,1,897,15.40_15.45_15.50_15.55_15.60_,17_41_524_609_1052_,15.35_15.30_15.25_15.20_15.15_,234_336_437_351_159_
09:15:07,15.40,9,906,15.40_15.45_15.50_15.55_15.60_,12_40_527_609_1052_,15.35_15.30_15.25_15.20_15.15_,236_336_437_352_159_
09:15:12,15.40,1,907,15.40_15.45_15.50_15.55_15.60_,11_40_527_609_1052_,15.35_15.30_15.25_15.20_15.15_,236_336_437_352_159_
09:15:48,15.40,1,907,15.40_15.45_15.50_15.55_15.60_,18_43_529_609_1053_,15.35_15.30_15.25_15.20_15.15_,236_362_437_357_159_
09:16:09,15.35,3,910,15.40_15.45_15.50_15.55_15.60_,18_43_529_609_1053_,15.35_15.30_15.25_15.20_15.15_,234_362_437_357_159_
09:16:29,15.35,1,911,15.40_15.45_15.50_15.55_15.60_,18_43_529_666_1054_,15.35_15.30_15.25_15.20_15.15_,234_362_457_336_159_
09:16:34,15.35,1,911,15.40_15.45_15.50_15.55_15.60_,18_43_646_666_1054_,15.35_15.30_15.25_15.20_15.15_,234_362_457_336_159_
09:16:50,15.35,1,911,15.40_15.45_15.50_15.55_15.60_,22_43_646_666_1054_,15.35_15.30_15.25_15.20_15.15_,234_362_457_336_159_
09:17:10,15.40,3,927,15.40_15.45_15.50_15.55_15.60_,6_43_648_666_1057_,15.35_15.30_15.25_15.20_15.15_,220_361_437_357_159_
09:17:31,15.40,3,927,15.40_15.45_15.50_15.55_15.60_,9_43_628_699_1057_,15.35_15.30_15.25_15.20_15.15_,218_362_437_357_164_
09:17:56,15.40,3,927,15.40_15.45_15.50_15.55_15.60_,14_43_648_679_1057_,15.35_15.30_15.25_15.20_15.15_,218_362_437_357_164_
09:18:17,15.35,1,928,15.40_15.45_15.50_15.55_15.60_,14_43_648_679_1057_,15.35_15.30_15.25_15.20_15.15_,217_362_458_336_169_
09:18:22,15.35,1,928,15.40_15.45_15.50_15.55_15.60_,14_43_648_679_1062_,15.35_15.30_15.25_15.20_15.15_,217_362_458_336_169_
09:18:48,15.35,1,928,15.40_15.45_15.50_15.55_15.60_,14_43_649_679_1062_,15.35_15.30_15.25_15.20_15.15_,217_362_458_336_169_
09:18:58,15.40,7,935,15.40_15.45_15.50_15.55_15.60_,11_43_651_679_1062_,15.35_15.30_15.25_15.20_15.15_,226_362_437_356_169_
09:19:03,15.40,7,935,15.40_15.45_15.50_15.55_15.60_,10_43_651_679_1062_,15.35_15.30_15.25_15.20_15.15_,226_362_437_356_169_
09:19:18,15.40,1,936,15.40_15.45_15.50_15.55_15.60_,9_43_651_679_1062_,15.35_15.30_15.25_15.20_15.15_,226_365_437_356_169_
09:19:39,15.40,3,949,15.45_15.50_15.55_15.60_15.65_,61_696_726_1058_261_,15.40_15.35_15.30_15.25_15.20_,5_217_363_439_301_
09:20:20,15.35,17,998,15.40_15.45_15.50_15.55_15.60_,35_47_677_715_1079_,15.35_15.30_15.25_15.20_15.15_,245_363_445_357_184_
09:20:40,15.35,2,1000,15.40_15.45_15.50_15.55_15.60_,26_44_734_713_1083_,15.35_15.30_15.25_15.20_15.15_,259_365_466_336_184_
09:20:56,15.35,2,1000,15.40_15.45_15.50_15.55_15.60_,36_44_734_713_1083_,15.35_15.30_15.25_15.20_15.15_,259_365_466_336_184_
09:21:11,15.35,2,1000,15.40_15.45_15.50_15.55_15.60_,40_44_734_713_1083_,15.35_15.30_15.25_15.20_15.15_,259_365_466_336_184_
09:21:26,15.40,1,1001,15.40_15.45_15.50_15.55_15.60_,39_44_734_713_1083_,15.35_15.30_15.25_15.20_15.15_,259_368_466_336_184_
09:21:37,15.35,1,1002,15.40_15.45_15.50_15.55_15.60_,41_44_734_713_1083_,15.35_15.30_15.25_15.20_15.15_,260_368_466_336_184_
09:22:23,15.40,21,1023,15.40_15.45_15.50_15.55_15.60_,27_44_734_714_1083_,15.35_15.30_15.25_15.20_15.15_,265_368_447_357_184_
09:22:38,15.40,21,1023,15.40_15.45_15.50_15.55_15.60_,27_49_734_714_1083_,15.35_15.30_15.25_15.20_15.15_,265_368_447_357_184_
09:22:48,15.40,21,1023,15.40_15.45_15.50_15.55_15.60_,30_49_734_714_1083_,15.35_15.30_15.25_15.20_15.15_,265_369_447_357_184_
09:23:19,15.35,1,1024,15.40_15.45_15.50_15.55_15.60_,33_49_735_714_1083_,15.35_15.30_15.25_15.20_15.15_,264_369_468_336_184_
09:23:29,15.40,1,1025,15.40_15.45_15.50_15.55_15.60_,35_49_735_714_1083_,15.35_15.30_15.25_15.20_15.15_,264_369_468_336_184_
09:23:39,15.40,1,1025,15.40_15.45_15.50_15.55_15.60_,34_49_735_714_1083_,15.35_15.30_15.25_15.20_15.15_,265_369_447_357_184_
09:24:05,15.40,3,1028,15.40_15.45_15.50_15.55_15.60_,31_49_735_714_1083_,15.35_15.30_15.25_15.20_15.15_,262_369_447_357_184_
09:24:20,15.40,3,1028,15.40_15.45_15.50_15.55_15.60_,31_49_734_715_1083_,15.35_15.30_15.25_15.20_15.15_,262_369_447_357_184_
09:24:41,15.40,3,1028,15.40_15.45_15.50_15.55_15.60_,36_49_734_717_1084_,15.35_15.30_15.25_15.20_15.15_,262_369_447_357_184_
09:25:01,15.35,1,1029,15.40_15.45_15.50_15.55_15.60_,62_49_734_717_1084_,15.35_15.30_15.25_15.20_15.15_,261_369_468_336_184_
09:25:37,15.40,6,1040,15.40_15.45_15.50_15.55_15.60_,56_50_739_717_1085_,15.35_15.30_15.25_15.20_15.15_,250_369_447_457_184_
09:26:08,15.40,6,1040,15.40_15.45_15.50_15.55_15.60_,61_50_739_717_1085_,15.35_15.30_15.25_15.20_15.15_,251_369_448_457_184_
09:26:13,15.40,1,1041,15.40_15.45_15.50_15.55_15.60_,60_50_739_717_1085_,15.35_15.30_15.25_15.20_15.15_,250_369_448_457_184_
09:26:28,15.40,1,1041,15.40_15.45_15.50_15.55_15.60_,63_50_739_717_1085_,15.35_15.30_15.25_15.20_15.15_,250_369_448_457_184_
09:26:48,15.35,1,1042,15.40_15.45_15.50_15.55_15.60_,73_50_739_717_1085_,15.35_15.30_15.25_15.20_15.15_,269_369_469_436_184_
09:26:54,15.35,1,1042,15.40_15.45_15.50_15.55_15.60_,73_50_739_717_1085_,15.35_15.30_15.25_15.20_15.15_,269_369_471_436_184_
09:27:19,15.35,1,1042,15.40_15.45_15.50_15.55_15.60_,123_50_739_717_1085_,15.35_15.30_15.25_15.20_15.15_,269_369_471_436_184_
09:27:29,15.35,1,1042,15.40_15.45_15.50_15.55_15.60_,129_51_739_717_1085_,15.35_15.30_15.25_15.20_15.15_,269_369_471_436_184_
09:27:40,15.35,1,1042,15.40_15.45_15.50_15.55_15.60_,130_51_744_717_1090_,15.35_15.30_15.25_15.20_15.15_,269_369_471_436_184_
09:28:05,15.35,1,1042,15.40_15.45_15.50_15.55_15.60_,130_51_744_717_1090_,15.35_15.30_15.25_15.20_15.15_,269_369_474_436_184_
09:28:16,15.35,1,1043,15.40_15.45_15.50_15.55_15.60_,132_51_744_717_1090_,15.35_15.30_15.25_15.20_15.15_,268_369_474_436_184_
09:28:41,15.35,1,1043,15.40_15.45_15.50_15.55_15.60_,130_50_744_717_1090_,15.35_15.30_15.25_15.20_15.15_,268_379_474_436_184_
09:28:51,15.35,1,1043,15.40_15.45_15.50_15.55_15.60_,130_50_744_717_1090_,15.35_15.30_15.25_15.20_15.15_,268_383_474_436_184_
09:28:57,15.35,26,1069,15.40_15.45_15.50_15.55_15.60_,130_50_744_717_1090_,15.35_15.30_15.25_15.20_15.15_,242_383_474_436_184_
09:29:43,15.35,2,1071,15.40_15.45_15.50_15.55_15.60_,128_49_745_717_1090_,15.35_15.30_15.25_15.20_15.15_,242_383_474_436_184_
09:29:58,15.35,1,1072,15.40_15.45_15.50_15.55_15.60_,128_49_745_717_1090_,15.35_15.30_15.25_15.20_15.15_,241_388_474_436_184_
09:30:08,15.35,1,1072,15.40_15.45_15.50_15.55_15.60_,129_50_745_717_1090_,15.35_15.30_15.25_15.20_15.15_,241_388_474_434_184_
09:30:29,15.35,1,1073,15.40_15.45_15.50_15.55_15.60_,129_79_759_718_1091_,15.35_15.30_15.25_15.20_15.15_,240_388_473_434_184_
09:30:39,15.35,1,1073,15.40_15.45_15.50_15.55_15.60_,129_79_759_718_1091_,15.35_15.30_15.25_15.20_15.15_,245_388_473_434_184_
09:30:44,15.35,1,1073,15.40_15.45_15.50_15.55_15.60_,129_79_759_718_1091_,15.35_15.30_15.25_15.20_15.15_,246_388_473_434_184_
09:31:56,15.35,1,1074,15.40_15.45_15.50_15.55_15.60_,136_78_763_718_1091_,15.35_15.30_15.25_15.20_15.15_,255_392_473_434_187_
09:32:27,15.35,1,1075,15.40_15.45_15.50_15.55_15.60_,136_78_763_718_1091_,15.35_15.30_15.25_15.20_15.15_,254_402_473_434_187_
09:32:32,15.35,5,1080,15.40_15.45_15.50_15.55_15.60_,136_78_763_718_1091_,15.35_15.30_15.25_15.20_15.15_,249_402_473_434_187_
09:32:47,15.35,5,1080,15.40_15.45_15.50_15.55_15.60_,136_78_763_718_1091_,15.35_15.30_15.25_15.20_15.15_,249_389_490_434_187_
09:33:13,15.35,5,1080,15.40_15.45_15.50_15.55_15.60_,139_78_763_718_1091_,15.35_15.30_15.25_15.20_15.15_,249_389_490_434_187_
09:33:43,15.35,1,1081,15.40_15.45_15.50_15.55_15.60_,141_78_763_718_1091_,15.35_15.30_15.25_15.20_15.15_,248_389_490_434_187_
09:34:19,15.35,1,1081,15.40_15.45_15.50_15.55_15.60_,141_78_762_718_1091_,15.35_15.30_15.25_15.20_15.15_,251_391_490_434_187_
09:34:40,15.35,1,1081,15.40_15.45_15.50_15.55_15.60_,141_78_762_720_1091_,15.35_15.30_15.25_15.20_15.15_,251_391_490_434_187_
09:34:45,15.35,1,1081,15.40_15.45_15.50_15.55_15.60_,141_79_762_720_1091_,15.35_15.30_15.25_15.20_15.15_,253_391_490_434_187_
09:35:00,15.35,1,1084,15.40_15.45_15.50_15.55_15.60_,142_79_762_720_1091_,15.35_15.30_15.25_15.20_15.15_,251_391_490_434_187_
09:35:10,15.40,30,1114,15.40_15.45_15.50_15.55_15.60_,112_79_762_720_1091_,15.35_15.30_15.25_15.20_15.15_,251_391_490_434_187_
09:35:31,15.40,2,1121,15.40_15.45_15.50_15.55_15.60_,124_87_762_720_1091_,15.35_15.30_15.25_15.20_15.15_,259_408_452_455_187_
09:35:41,15.40,2,1121,15.40_15.45_15.50_15.55_15.60_,147_87_762_730_1091_,15.35_15.30_15.25_15.20_15.15_,260_391_469_455_187_
09:36:07,15.40,2,1121,15.40_15.45_15.50_15.55_15.60_,147_87_762_730_1091_,15.35_15.30_15.25_15.20_15.15_,265_391_469_455_187_
09:36:17,15.35,3,1124,15.40_15.45_15.50_15.55_15.60_,148_87_762_730_1091_,15.35_15.30_15.25_15.20_15.15_,262_391_489_434_187_
09:36:27,15.35,3,1124,15.40_15.45_15.50_15.55_15.60_,148_87_762_730_1091_,15.35_15.30_15.25_15.20_15.15_,272_391_489_434_187_
09:37:08,15.35,5,1137,15.40_15.45_15.50_15.55_15.60_,157_87_762_730_1092_,15.35_15.30_15.25_15.20_15.15_,259_397_489_434_187_
09:37:39,15.35,3,1140,15.40_15.45_15.50_15.55_15.60_,154_87_762_730_1092_,15.35_15.30_15.25_15.20_15.15_,258_396_489_434_187_
09:38:50,15.35,1,1144,15.40_15.45_15.50_15.55_15.60_,156_88_762_730_1123_,15.35_15.30_15.25_15.20_15.15_,254_413_472_434_202_
09:39:01,15.35,1,1144,15.40_15.45_15.50_15.55_15.60_,156_87_762_730_1123_,15.35_15.30_15.25_15.20_15.15_,254_413_472_434_202_
09:39:06,15.35,1,1144,15.40_15.45_15.50_15.55_15.60_,156_87_762_730_1124_,15.35_15.30_15.25_15.20_15.15_,253_413_472_434_202_
09:39:21,15.40,1,1145,15.40_15.45_15.50_15.55_15.60_,154_87_762_730_1124_,15.35_15.30_15.25_15.20_15.15_,254_396_469_455_202_
09:39:31,15.40,4,1149,15.40_15.45_15.50_15.55_15.60_,150_90_762_730_1124_,15.35_15.30_15.25_15.20_15.15_,254_413_452_455_202_
09:40:02,15.35,1,1169,15.40_15.45_15.50_15.55_15.60_,150_90_762_730_1129_,15.35_15.30_15.25_15.20_15.15_,235_414_473_434_202_
09:40:07,15.35,1,1169,15.40_15.45_15.50_15.55_15.60_,149_90_763_730_1129_,15.35_15.30_15.25_15.20_15.15_,235_414_473_434_202_
09:40:23,15.35,1,1169,15.40_15.45_15.50_15.55_15.60_,149_90_763_730_1129_,15.35_15.30_15.25_15.20_15.15_,236_414_473_434_202_
09:40:53,15.35,1,1169,15.40_15.45_15.50_15.55_15.60_,149_210_764_733_1117_,15.35_15.30_15.25_15.20_15.15_,237_413_473_434_202_
09:41:09,15.35,1,1169,15.40_15.45_15.50_15.55_15.60_,150_224_764_733_1117_,15.35_15.30_15.25_15.20_15.15_,235_413_473_434_202_
09:41:45,15.35,1,1170,15.40_15.45_15.50_15.55_15.60_,149_227_763_733_1115_,15.35_15.30_15.25_15.20_15.15_,233_414_473_434_202_
09:42:10,15.35,1,1170,15.40_15.45_15.50_15.55_15.60_,153_227_767_748_1115_,15.35_15.30_15.25_15.20_15.15_,233_415_473_434_202_
09:42:36,15.35,1,1170,15.40_15.45_15.50_15.55_15.60_,153_227_767_748_1115_,15.35_15.30_15.25_15.20_15.15_,233_415_473_434_203_
09:42:56,15.40,1,1171,15.40_15.45_15.50_15.55_15.60_,152_228_767_748_1115_,15.35_15.30_15.25_15.20_15.15_,234_415_452_455_203_
09:43:11,15.35,2,1185,15.40_15.45_15.50_15.55_15.60_,152_228_767_748_1115_,15.35_15.30_15.25_15.20_15.15_,227_415_473_434_203_
09:43:37,15.40,3,1189,15.40_15.45_15.50_15.55_15.60_,189_228_767_748_1115_,15.35_15.30_15.25_15.20_15.15_,277_415_452_455_203_
09:44:08,15.40,3,1189,15.40_15.45_15.50_15.55_15.60_,193_228_770_748_1115_,15.35_15.30_15.25_15.20_15.15_,277_416_452_455_203_
09:44:13,15.40,3,1189,15.40_15.45_15.50_15.55_15.60_,193_228_770_748_1115_,15.35_15.30_15.25_15.20_15.15_,279_416_452_455_203_
09:44:49,15.40,3,1189,15.40_15.45_15.50_15.55_15.60_,193_255_772_751_1107_,15.35_15.30_15.25_15.20_15.15_,279_439_452_456_203_
09:45:09,15.35,1,1190,15.40_15.45_15.50_15.55_15.60_,203_255_772_755_1112_,15.35_15.30_15.25_15.20_15.15_,277_439_474_435_203_
09:45:20,15.35,1,1190,15.40_15.45_15.50_15.55_15.60_,203_255_772_756_1112_,15.35_15.30_15.25_15.20_15.15_,277_439_474_435_203_
09:45:40,15.35,1,1190,15.40_15.45_15.50_15.55_15.60_,207_255_772_756_1112_,15.35_15.30_15.25_15.20_15.15_,278_439_474_435_203_
09:45:45,15.35,1,1190,15.40_15.45_15.50_15.55_15.60_,208_255_772_756_1112_,15.35_15.30_15.25_15.20_15.15_,278_436_474_435_203_
09:46:00,15.40,1,1191,15.40_15.45_15.50_15.55_15.60_,207_257_772_756_1113_,15.35_15.30_15.25_15.20_15.15_,277_436_474_438_203_
09:46:46,15.35,1,1192,15.40_15.45_15.50_15.55_15.60_,207_257_771_756_1113_,15.35_15.30_15.25_15.20_15.15_,277_435_452_459_203_
09:46:57,15.35,2,1198,15.40_15.45_15.50_15.55_15.60_,208_257_771_756_1113_,15.35_15.30_15.25_15.20_15.15_,276_435_452_459_203_
09:47:02,15.35,2,1198,15.40_15.45_15.50_15.55_15.60_,208_257_771_756_1113_,15.35_15.30_15.25_15.20_15.15_,286_435_473_438_203_
09:47:17,15.35,6,1242,15.40_15.45_15.50_15.55_15.60_,206_257_771_756_1114_,15.35_15.30_15.25_15.20_15.15_,287_435_452_459_203_
09:47:38,15.40,1,1250,15.40_15.45_15.50_15.55_15.60_,211_257_771_756_1114_,15.35_15.30_15.25_15.20_15.15_,283_435_452_459_203_
09:47:58,15.40,1,1250,15.40_15.45_15.50_15.55_15.60_,206_257_771_756_1114_,15.35_15.30_15.25_15.20_15.15_,296_435_462_459_203_
09:48:09,15.40,1,1250,15.40_15.45_15.50_15.55_15.60_,209_257_771_756_1114_,15.35_15.30_15.25_15.20_15.15_,296_435_462_459_203_
09:48:34,15.35,1,1252,15.40_15.45_15.50_15.55_15.60_,214_257_771_756_1114_,15.35_15.30_15.25_15.20_15.15_,304_435_483_438_203_
09:48:55,15.35,1,1252,15.40_15.45_15.50_15.55_15.60_,217_257_781_756_1114_,15.35_15.30_15.25_15.20_15.15_,304_435_483_438_203_
09:50:07,15.35,3,1287,15.40_15.45_15.50_15.55_15.60_,204_258_793_756_1114_,15.35_15.30_15.25_15.20_15.15_,293_436_483_438_203_
09:50:17,15.35,6,1293,15.40_15.45_15.50_15.55_15.60_,204_258_793_756_1117_,15.35_15.30_15.25_15.20_15.15_,288_436_483_438_203_
09:50:22,15.35,6,1293,15.40_15.45_15.50_15.55_15.60_,209_259_793_756_1117_,15.35_15.30_15.25_15.20_15.15_,289_437_482_438_203_
09:50:47,15.35,4,1297,15.40_15.45_15.50_15.55_15.60_,209_259_793_770_1117_,15.35_15.30_15.25_15.20_15.15_,285_437_482_440_203_
09:51:08,15.40,2,1300,15.40_15.45_15.50_15.55_15.60_,206_259_793_770_1117_,15.35_15.30_15.25_15.20_15.15_,283_437_461_461_203_
09:51:18,15.35,2,1302,15.40_15.45_15.50_15.55_15.60_,206_259_793_770_1117_,15.35_15.30_15.25_15.20_15.15_,288_437_482_440_203_
09:51:23,15.35,2,1302,15.40_15.45_15.50_15.55_15.60_,206_259_793_770_1117_,15.35_15.30_15.25_15.20_15.15_,289_437_482_440_203_
09:51:33,15.35,2,1302,15.40_15.45_15.50_15.55_15.60_,207_259_793_770_1117_,15.35_15.30_15.25_15.20_15.15_,290_437_482_440_203_
09:51:49,15.35,1,1303,15.40_15.45_15.50_15.55_15.60_,227_259_793_770_1117_,15.35_15.30_15.25_15.20_15.15_,289_437_482_440_203_
09:52:30,15.35,6,1347,15.40_15.45_15.50_15.55_15.60_,196_260_793_770_1117_,15.35_15.30_15.25_15.20_15.15_,283_438_482_440_203_
09:53:11,15.40,5,1353,15.40_15.45_15.50_15.55_15.60_,198_260_801_770_1116_,15.35_15.30_15.25_15.20_15.15_,283_438_461_460_203_
09:53:36,15.35,1,1354,15.40_15.45_15.50_15.55_15.60_,198_260_801_771_1116_,15.35_15.30_15.25_15.20_15.15_,282_438_482_439_203_
09:53:52,15.40,4,1362,15.40_15.45_15.50_15.55_15.60_,194_260_801_771_1116_,15.35_15.30_15.25_15.20_15.15_,276_438_482_439_203_
09:54:07,15.35,2,1376,15.40_15.45_15.50_15.55_15.60_,194_260_801_771_1116_,15.35_15.30_15.25_15.20_15.15_,292_440_482_439_203_
09:54:12,15.35,2,1376,15.40_15.45_15.50_15.55_15.60_,200_260_801_771_1116_,15.35_15.30_15.25_15.20_15.15_,293_440_482_439_203_
09:55:08,15.35,2,1376,15.40_15.45_15.50_15.55_15.60_,210_260_796_772_1116_,15.35_15.30_15.25_15.20_15.15_,290_445_482_439_203_
09:56:00,15.35,5,1385,15.40_15.45_15.50_15.55_15.60_,203_270_800_775_1106_,15.35_15.30_15.25_15.20_15.15_,283_446_461_460_203_
09:56:05,15.35,5,1385,15.40_15.45_15.50_15.55_15.60_,203_270_800_775_1106_,15.35_15.30_15.25_15.20_15.15_,284_446_482_439_203_
09:56:51,15.35,5,1385,15.40_15.45_15.50_15.55_15.60_,204_270_800_775_1106_,15.35_15.30_15.25_15.20_15.15_,284_446_482_439_203_
09:56:56,15.35,1,1386,15.40_15.45_15.50_15.55_15.60_,204_290_800_775_1106_,15.35_15.30_15.25_15.20_15.15_,284_446_482_439_203_
09:57:16,15.40,38,1424,15.40_15.45_15.50_15.55_15.60_,167_294_800_775_1102_,15.35_15.30_15.25_15.20_15.15_,281_441_482_439_203_
09:57:27,15.40,1,1431,15.40_15.45_15.50_15.55_15.60_,170_294_800_775_1102_,15.35_15.30_15.25_15.20_15.15_,274_441_482_439_203_
09:57:37,15.35,2,1443,15.40_15.45_15.50_15.55_15.60_,177_294_800_775_1102_,15.35_15.30_15.25_15.20_15.15_,262_441_482_439_203_
09:57:42,15.35,2,1443,15.40_15.45_15.50_15.55_15.60_,202_294_800_775_1102_,15.35_15.30_15.25_15.20_15.15_,262_441_482_439_203_
09:58:08,15.40,1,1444,15.40_15.45_15.50_15.55_15.60_,201_294_800_775_1104_,15.35_15.30_15.25_15.20_15.15_,262_444_461_460_203_
09:58:39,15.35,1,1445,15.40_15.45_15.50_15.55_15.60_,201_294_800_775_1104_,15.35_15.30_15.25_15.20_15.15_,261_444_482_439_203_
09:58:49,15.35,1,1445,15.40_15.45_15.50_15.55_15.60_,208_274_800_775_1104_,15.35_15.30_15.25_15.20_15.15_,261_444_482_439_203_
09:58:59,15.35,1,1445,15.40_15.45_15.50_15.55_15.60_,208_270_800_775_1108_,15.35_15.30_15.25_15.20_15.15_,262_444_482_439_203_
09:59:25,15.35,1,1445,15.40_15.45_15.50_15.55_15.60_,208_270_821_775_1108_,15.35_15.30_15.25_15.20_15.15_,260_444_482_439_203_
09:59:40,15.40,1,1446,15.40_15.45_15.50_15.55_15.60_,208_270_821_775_1108_,15.35_15.30_15.25_15.20_15.15_,260_444_482_439_203_
10:00:00,15.40,1,1446,15.40_15.45_15.50_15.55_15.60_,209_271_822_775_1108_,15.35_15.30_15.25_15.20_15.15_,260_444_461_460_208_
10:00:06,15.40,1,1446,15.40_15.45_15.50_15.55_15.60_,210_271_822_775_1108_,15.35_15.30_15.25_15.20_15.15_,260_444_461_460_208_
10:00:21,15.35,1,1447,15.40_15.45_15.50_15.55_15.60_,210_271_822_775_1108_,15.35_15.30_15.25_15.20_15.15_,259_444_481_439_208_
10:00:31,15.40,1,1448,15.40_15.45_15.50_15.55_15.60_,210_271_822_775_1108_,15.35_15.30_15.25_15.20_15.15_,259_444_461_459_208_
10:00:57,15.40,1,1448,15.40_15.45_15.50_15.55_15.60_,211_271_822_775_1108_,15.35_15.30_15.25_15.20_15.15_,259_444_461_459_208_
10:01:12,15.40,2,1450,15.40_15.45_15.50_15.55_15.60_,209_271_822_775_1108_,15.35_15.30_15.25_15.20_15.15_,259_444_461_459_208_
10:01:43,15.40,1,1451,15.40_15.45_15.50_15.55_15.60_,208_271_822_775_1108_,15.35_15.30_15.25_15.20_15.15_,258_442_461_459_208_
10:01:58,15.35,1,1452,15.40_15.45_15.50_15.55_15.60_,208_271_822_775_1108_,15.35_15.30_15.25_15.20_15.15_,257_442_461_459_208_
10:02:09,15.35,1,1452,15.40_15.45_15.50_15.55_15.60_,214_271_825_775_1108_,15.35_15.30_15.25_15.20_15.15_,257_442_481_439_208_
10:02:19,15.35,7,1497,15.40_15.45_15.50_15.55_15.60_,176_271_825_775_1108_,15.35_15.30_15.25_15.20_15.15_,255_442_461_459_208_
10:02:24,15.35,7,1497,15.40_15.45_15.50_15.55_15.60_,176_271_825_775_1108_,15.35_15.30_15.25_15.20_15.15_,255_442_481_439_208_
10:02:39,15.35,7,1497,15.40_15.45_15.50_15.55_15.60_,366_271_825_775_1108_,15.35_15.30_15.25_15.20_15.15_,255_442_481_439_208_
10:02:49,15.35,7,1497,15.40_15.45_15.50_15.55_15.60_,394_249_825_775_1108_,15.35_15.30_15.25_15.20_15.15_,255_442_481_439_208_
10:03:00,15.35,1,1499,15.40_15.45_15.50_15.55_15.60_,393_245_830_775_1107_,15.35_15.30_15.25_15.20_15.15_,256_442_461_460_208_
10:03:30,15.35,1,1499,15.40_15.45_15.50_15.55_15.60_,384_269_829_776_1106_,15.35_15.30_15.25_15.20_15.15_,257_442_482_439_208_
10:03:46,15.35,1,1501,15.40_15.45_15.50_15.55_15.60_,384_269_829_776_1106_,15.35_15.30_15.25_15.20_15.15_,255_442_482_439_208_
10:04:27,15.40,2,1504,15.40_15.45_15.50_15.55_15.60_,387_264_829_776_1106_,15.35_15.30_15.25_15.20_15.15_,252_443_461_460_208_
10:05:07,15.35,2,1512,15.40_15.45_15.50_15.55_15.60_,381_264_829_776_1106_,15.35_15.30_15.25_15.20_15.15_,254_444_482_439_209_
10:05:28,15.40,1,1514,15.40_15.45_15.50_15.55_15.60_,379_264_829_776_1106_,15.35_15.30_15.25_15.20_15.15_,254_450_461_460_209_
10:05:38,15.40,1,1514,15.40_15.45_15.50_15.55_15.60_,379_264_829_776_1106_,15.35_15.30_15.25_15.20_15.15_,255_449_461_460_209_
10:05:54,15.40,1,1514,15.40_15.45_15.50_15.55_15.60_,379_264_830_776_1106_,15.35_15.30_15.25_15.20_15.15_,255_449_461_460_209_
10:06:09,15.40,1,1514,15.40_15.45_15.50_15.55_15.60_,379_264_830_783_1106_,15.35_15.30_15.25_15.20_15.15_,255_449_461_460_209_
10:06:30,15.40,1,1514,15.40_15.45_15.50_15.55_15.60_,379_264_830_776_1106_,15.35_15.30_15.25_15.20_15.15_,255_449_461_460_209_
10:07:00,15.35,2,1521,15.40_15.45_15.50_15.55_15.60_,379_264_830_776_1106_,15.35_15.30_15.25_15.20_15.15_,248_449_482_439_209_
10:07:11,15.40,1,1522,15.40_15.45_15.50_15.55_15.60_,378_264_830_776_1101_,15.35_15.30_15.25_15.20_15.15_,247_449_482_439_209_
10:07:31,15.40,6,1566,15.40_15.45_15.50_15.55_15.60_,364_264_830_776_1101_,15.35_15.30_15.25_15.20_15.15_,250_449_461_462_209_
10:07:41,15.40,6,1566,15.40_15.45_15.50_15.55_15.60_,365_264_830_776_1101_,15.35_15.30_15.25_15.20_15.15_,250_449_461_462_209_
10:08:07,15.40,6,1566,15.40_15.45_15.50_15.55_15.60_,366_267_830_776_1101_,15.35_15.30_15.25_15.20_15.15_,250_449_461_462_209_
10:08:12,15.40,6,1566,15.40_15.45_15.50_15.55_15.60_,375_265_830_776_1101_,15.35_15.30_15.25_15.20_15.15_,250_449_461_462_209_
10:08:38,15.40,6,1566,15.40_15.45_15.50_15.55_15.60_,374_265_830_776_1101_,15.35_15.30_15.25_15.20_15.15_,250_450_461_462_209_
10:08:48,15.35,1,1567,15.40_15.45_15.50_15.55_15.60_,375_265_830_776_1101_,15.35_15.30_15.25_15.20_15.15_,249_450_483_441_209_
10:08:53,15.35,1,1567,15.40_15.45_15.50_15.55_15.60_,375_272_830_776_1101_,15.35_15.30_15.25_15.20_15.15_,254_450_483_441_209_
10:09:19,15.40,2,1569,15.40_15.45_15.50_15.55_15.60_,414_272_830_776_1101_,15.35_15.30_15.25_15.20_15.15_,253_450_483_341_209_
10:09:39,15.35,1,1571,15.40_15.45_15.50_15.55_15.60_,413_272_830_776_1101_,15.35_15.30_15.25_15.20_15.15_,251_450_482_341_209_
10:09:44,15.35,1,1572,15.40_15.45_15.50_15.55_15.60_,412_272_830_776_1101_,15.35_15.30_15.25_15.20_15.15_,250_450_482_341_209_
10:09:54,15.35,1,1572,15.40_15.45_15.50_15.55_15.60_,413_272_830_776_1101_,15.35_15.30_15.25_15.20_15.15_,250_450_482_341_209_
10:10:51,15.35,20,1595,15.40_15.45_15.50_15.55_15.60_,418_271_835_776_1100_,15.35_15.30_15.25_15.20_15.15_,235_452_485_341_209_
10:11:11,15.35,2,1597,15.40_15.45_15.50_15.55_15.60_,418_271_835_776_1100_,15.35_15.30_15.25_15.20_15.15_,234_452_485_341_209_
10:12:03,15.35,1,1598,15.40_15.45_15.50_15.55_15.60_,418_272_835_776_1100_,15.35_15.30_15.25_15.20_15.15_,233_452_485_342_209_
10:12:18,15.40,37,1635,15.40_15.45_15.50_15.55_15.60_,381_272_865_776_1100_,15.35_15.30_15.25_15.20_15.15_,233_457_485_342_209_
10:13:04,15.35,8,1643,15.40_15.45_15.50_15.55_15.60_,402_266_869_775_1100_,15.35_15.30_15.25_15.20_15.15_,231_457_486_342_209_
10:13:30,15.40,1,1644,15.40_15.45_15.50_15.55_15.60_,400_266_869_775_1100_,15.35_15.30_15.25_15.20_15.15_,232_457_464_363_209_
10:13:40,15.40,1,1645,15.40_15.45_15.50_15.55_15.60_,399_307_869_775_1100_,15.35_15.30_15.25_15.20_15.15_,232_457_464_373_209_
10:13:50,15.35,1,1646,15.40_15.45_15.50_15.55_15.60_,399_314_876_774_1087_,15.35_15.30_15.25_15.20_15.15_,231_457_485_352_209_
10:14:21,15.40,1,1647,15.40_15.45_15.50_15.55_15.60_,398_314_917_774_1087_,15.35_15.30_15.25_15.20_15.15_,233_457_464_373_209_
10:15:12,15.40,1,1647,15.40_15.45_15.50_15.55_15.60_,405_313_917_814_1087_,15.35_15.30_15.25_15.20_15.15_,232_438_464_373_209_
10:15:32,15.35,1,1648,15.40_15.45_15.50_15.55_15.60_,405_313_917_814_1087_,15.35_15.30_15.25_15.20_15.15_,230_438_485_352_209_
10:16:03,15.35,1,1648,15.40_15.45_15.50_15.55_15.60_,406_313_917_814_1087_,15.35_15.30_15.25_15.20_15.15_,230_438_485_352_209_
10:16:29,15.40,10,1658,15.40_15.45_15.50_15.55_15.60_,394_313_917_814_1087_,15.35_15.30_15.25_15.20_15.15_,221_438_464_373_209_
10:17:00,15.40,10,1658,15.40_15.45_15.50_15.55_15.60_,394_313_917_793_1087_,15.35_15.30_15.25_15.20_15.15_,221_438_464_373_209_
10:17:30,15.40,1,1660,15.40_15.45_15.50_15.55_15.60_,387_313_918_793_1087_,15.35_15.30_15.25_15.20_15.15_,220_388_464_373_209_
10:18:06,15.35,10,1676,15.40_15.45_15.50_15.55_15.60_,391_313_918_793_1087_,15.35_15.30_15.25_15.20_15.15_,208_387_485_352_209_
10:18:22,15.40,1,1677,15.40_15.45_15.50_15.55_15.60_,390_313_918_793_1107_,15.35_15.30_15.25_15.20_15.15_,208_387_485_352_209_
10:18:27,15.40,1,1677,15.40_15.45_15.50_15.55_15.60_,390_313_918_793_1107_,15.35_15.30_15.25_15.20_15.15_,209_387_464_373_209_
10:18:37,15.40,1,1677,15.40_15.45_15.50_15.55_15.60_,390_313_918_793_1107_,15.35_15.30_15.25_15.20_15.15_,219_387_464_373_209_
10:18:47,15.35,1,1678,15.40_15.45_15.50_15.55_15.60_,389_313_918_793_1107_,15.35_15.30_15.25_15.20_15.15_,220_387_464_373_209_
10:18:58,15.40,1,1679,15.40_15.45_15.50_15.55_15.60_,387_314_918_793_1107_,15.35_15.30_15.25_15.20_15.15_,220_387_485_352_209_
10:19:13,15.40,1,1679,15.40_15.45_15.50_15.55_15.60_,385_314_918_793_1107_,15.35_15.30_15.25_15.20_15.15_,219_387_464_373_209_
10:19:23,15.40,1,1679,15.40_15.45_15.50_15.55_15.60_,385_314_918_793_1107_,15.35_15.30_15.25_15.20_15.15_,219_386_463_373_209_
10:19:59,15.40,1,1679,15.40_15.45_15.50_15.55_15.60_,385_314_918_793_1107_,15.35_15.30_15.25_15.20_15.15_,219_376_463_373_209_
10:20:20,15.40,1,1679,15.40_15.45_15.50_15.55_15.60_,385_314_921_793_1107_,15.35_15.30_15.25_15.20_15.15_,219_376_463_373_209_
10:20:51,15.35,1,1699,15.40_15.45_15.50_15.55_15.60_,374_314_921_793_1107_,15.35_15.30_15.25_15.20_15.15_,218_376_484_352_209_
10:21:11,15.35,1,1699,15.40_15.45_15.50_15.55_15.60_,369_314_921_793_1107_,15.35_15.30_15.25_15.20_15.15_,218_376_484_352_209_
10:21:42,15.35,17,1911,15.40_15.45_15.50_15.55_15.60_,393_313_921_793_1107_,15.35_15.30_15.25_15.20_15.15_,7_359_498_352_209_
10:21:47,15.35,1,1912,15.40_15.45_15.50_15.55_15.60_,393_313_921_793_1107_,15.35_15.30_15.25_15.20_15.15_,6_359_498_352_209_
10:22:07,15.30,1,1980,15.35_15.40_15.45_15.50_15.55_,45_331_340_893_815_,15.30_15.25_15.20_15.15_15.10_,297_477_388_257_156_
10:22:18,15.35,16,1996,15.35_15.40_15.45_15.50_15.55_,59_330_344_897_822_,15.30_15.25_15.20_15.15_15.10_,297_477_388_257_156_
10:22:28,15.35,16,1996,15.35_15.40_15.45_15.50_15.55_,64_337_344_897_782_,15.30_15.25_15.20_15.15_15.10_,297_477_388_257_156_
10:22:38,15.35,16,1996,15.35_15.40_15.45_15.50_15.55_,72_337_344_897_782_,15.30_15.25_15.20_15.15_15.10_,299_477_390_258_156_
10:22:53,15.35,16,1996,15.35_15.40_15.45_15.50_15.55_,73_336_344_897_782_,15.30_15.25_15.20_15.15_15.10_,300_477_390_258_158_
10:23:19,15.35,16,1996,15.35_15.40_15.45_15.50_15.55_,75_336_344_897_782_,15.30_15.25_15.20_15.15_15.10_,323_477_390_258_158_
10:23:29,15.35,16,1996,15.35_15.40_15.45_15.50_15.55_,76_336_346_897_782_,15.30_15.25_15.20_15.15_15.10_,323_477_390_258_158_
10:23:50,15.30,1,1997,15.35_15.40_15.45_15.50_15.55_,74_338_346_897_782_,15.30_15.25_15.20_15.15_15.10_,330_482_390_258_158_
10:24:46,15.30,1,2014,15.35_15.40_15.45_15.50_15.55_,68_337_347_896_775_,15.30_15.25_15.20_15.15_15.10_,332_482_390_258_158_
10:25:17,15.30,1,2014,15.35_15.40_15.45_15.50_15.55_,70_338_348_916_775_,15.30_15.25_15.20_15.15_15.10_,311_482_390_258_158_
10:25:48,15.30,1,2016,15.35_15.40_15.45_15.50_15.55_,70_338_348_916_775_,15.30_15.25_15.20_15.15_15.10_,427_480_385_258_158_
10:26:18,15.35,16,2032,15.35_15.40_15.45_15.50_15.55_,54_339_347_916_775_,15.30_15.25_15.20_15.15_15.10_,428_491_385_260_158_
10:26:23,15.35,16,2032,15.35_15.40_15.45_15.50_15.55_,54_339_327_936_775_,15.30_15.25_15.20_15.15_15.10_,484_491_385_260_161_
10:26:39,15.35,16,2032,15.35_15.40_15.45_15.50_15.55_,54_339_327_936_775_,15.30_15.25_15.20_15.15_15.10_,483_491_385_260_161_
10:27:20,15.30,1,2034,15.35_15.40_15.45_15.50_15.55_,53_338_324_944_775_,15.30_15.25_15.20_15.15_15.10_,426_491_385_260_162_
10:28:01,15.30,1,2034,15.35_15.40_15.45_15.50_15.55_,58_338_324_944_775_,15.30_15.25_15.20_15.15_15.10_,426_491_382_265_162_
10:28:21,15.35,18,2068,15.35_15.40_15.45_15.50_15.55_,24_343_324_944_775_,15.30_15.25_15.20_15.15_15.10_,443_491_382_265_162_
10:29:43,15.35,3,2074,15.35_15.40_15.45_15.50_15.55_,45_342_323_944_775_,15.30_15.25_15.20_15.15_15.10_,439_491_387_265_167_
10:30:04,15.35,3,2074,15.35_15.40_15.45_15.50_15.55_,45_342_323_944_775_,15.30_15.25_15.20_15.15_15.10_,437_491_387_265_167_
10:30:19,15.35,1,2091,15.35_15.40_15.45_15.50_15.55_,28_342_324_944_775_,15.30_15.25_15.20_15.15_15.10_,431_491_387_265_167_
10:30:40,15.35,20,2112,15.40_15.45_15.50_15.55_15.60_,313_276_802_659_989_,15.35_15.30_15.25_15.20_15.15_,35_436_491_387_265_
10:31:10,15.40,10,2122,15.40_15.45_15.50_15.55_15.60_,350_273_810_690_989_,15.35_15.30_15.25_15.20_15.15_,128_436_477_377_217_
10:31:31,15.40,10,2122,15.40_15.45_15.50_15.55_15.60_,351_272_810_690_989_,15.35_15.30_15.25_15.20_15.15_,130_435_477_377_217_
10:32:07,15.40,10,2122,15.40_15.45_15.50_15.55_15.60_,349_272_811_690_989_,15.35_15.30_15.25_15.20_15.15_,130_435_477_377_217_
10:32:32,15.40,1,2126,15.40_15.45_15.50_15.55_15.60_,346_272_812_690_989_,15.35_15.30_15.25_15.20_15.15_,115_435_477_377_217_
10:32:47,15.40,16,2142,15.40_15.45_15.50_15.55_15.60_,330_272_812_690_989_,15.35_15.30_15.25_15.20_15.15_,118_435_477_377_217_
10:32:58,15.40,1,2143,15.40_15.45_15.50_15.55_15.60_,329_272_812_690_989_,15.35_15.30_15.25_15.20_15.15_,118_435_477_377_217_
10:33:03,15.40,1,2143,15.40_15.45_15.50_15.55_15.60_,330_271_812_690_989_,15.35_15.30_15.25_15.20_15.15_,117_435_477_377_217_
10:33:33,15.40,1,2143,15.40_15.45_15.50_15.55_15.60_,326_271_811_690_989_,15.35_15.30_15.25_15.20_15.15_,117_435_477_377_217_
10:34:04,15.35,1,2144,15.40_15.45_15.50_15.55_15.60_,326_281_811_690_989_,15.35_15.30_15.25_15.20_15.15_,116_435_498_356_217_
10:34:20,15.40,16,2160,15.40_15.45_15.50_15.55_15.60_,310_281_811_690_989_,15.35_15.30_15.25_15.20_15.15_,116_435_498_356_217_
10:34:30,15.40,16,2160,15.40_15.45_15.50_15.55_15.60_,315_281_811_690_989_,15.35_15.30_15.25_15.20_15.15_,113_437_477_377_217_
10:34:50,15.40,5,2168,15.40_15.45_15.50_15.55_15.60_,306_282_811_690_989_,15.35_15.30_15.25_15.20_15.15_,105_437_477_377_217_
10:35:11,15.40,7,2175,15.40_15.45_15.50_15.55_15.60_,304_282_811_690_989_,15.35_15.30_15.25_15.20_15.15_,101_437_477_377_217_
10:35:46,15.40,1,2177,15.40_15.45_15.50_15.55_15.60_,303_282_811_690_989_,15.35_15.30_15.25_15.20_15.15_,100_437_477_378_217_
10:35:57,15.40,1,2177,15.40_15.45_15.50_15.55_15.60_,303_281_811_690_989_,15.35_15.30_15.25_15.20_15.15_,100_437_477_378_217_
10:36:27,15.40,16,2193,15.40_15.45_15.50_15.55_15.60_,287_295_811_690_989_,15.35_15.30_15.25_15.20_15.15_,104_437_477_378_217_
10:36:32,15.40,16,2193,15.40_15.45_15.50_15.55_15.60_,287_295_811_690_989_,15.35_15.30_15.25_15.20_15.15_,114_437_477_378_217_
10:36:53,15.40,16,2193,15.40_15.45_15.50_15.55_15.60_,287_295_811_690_989_,15.35_15.30_15.25_15.20_15.15_,114_432_477_378_217_
10:37:24,15.35,1,2194,15.40_15.45_15.50_15.55_15.60_,287_295_811_690_989_,15.35_15.30_15.25_15.20_15.15_,113_432_498_356_217_
10:37:49,15.40,1,2195,15.40_15.45_15.50_15.55_15.60_,288_296_811_690_989_,15.35_15.30_15.25_15.20_15.15_,113_432_477_377_217_
10:38:25,15.40,16,2211,15.40_15.45_15.50_15.55_15.60_,272_296_811_690_989_,15.35_15.30_15.25_15.20_15.15_,117_432_477_377_218_
10:39:01,15.35,1,2213,15.40_15.45_15.50_15.55_15.60_,288_296_811_690_989_,15.35_15.30_15.25_15.20_15.15_,116_432_477_377_218_
10:39:22,15.35,1,2213,15.40_15.45_15.50_15.55_15.60_,288_296_811_690_989_,15.35_15.30_15.25_15.20_15.15_,116_433_498_356_218_
10:39:47,15.35,1,2213,15.40_15.45_15.50_15.55_15.60_,301_285_811_690_989_,15.35_15.30_15.25_15.20_15.15_,115_433_498_356_218_
10:39:57,15.35,1,2213,15.40_15.45_15.50_15.55_15.60_,302_285_811_690_989_,15.35_15.30_15.25_15.20_15.15_,115_433_498_356_218_
10:40:28,15.35,5,2234,15.40_15.45_15.50_15.55_15.60_,286_285_811_690_989_,15.35_15.30_15.25_15.20_15.15_,113_433_477_377_223_
10:40:38,15.35,1,2235,15.40_15.45_15.50_15.55_15.60_,291_285_811_690_989_,15.35_15.30_15.25_15.20_15.15_,112_433_498_356_223_
10:41:14,15.35,1,2235,15.40_15.45_15.50_15.55_15.60_,294_285_811_690_989_,15.35_15.30_15.25_15.20_15.15_,112_433_498_356_223_
10:41:30,15.40,1,2236,15.40_15.45_15.50_15.55_15.60_,293_285_811_690_989_,15.35_15.30_15.25_15.20_15.15_,111_433_477_377_223_
10:41:50,15.40,1,2236,15.40_15.45_15.50_15.55_15.60_,293_285_811_690_989_,15.35_15.30_15.25_15.20_15.15_,116_433_477_377_223_
10:42:01,15.40,1,2236,15.40_15.45_15.50_15.55_15.60_,294_283_811_690_989_,15.35_15.30_15.25_15.20_15.15_,116_433_477_377_223_
10:42:11,15.40,5,2241,15.40_15.45_15.50_15.55_15.60_,289_282_811_690_989_,15.35_15.30_15.25_15.20_15.15_,116_433_477_377_223_
10:42:26,15.40,3,2260,15.40_15.45_15.50_15.55_15.60_,273_281_811_690_989_,15.35_15.30_15.25_15.20_15.15_,117_433_477_377_223_
10:43:07,15.40,3,2260,15.40_15.45_15.50_15.55_15.60_,273_282_816_690_989_,15.35_15.30_15.25_15.20_15.15_,118_593_477_377_223_
10:43:43,15.40,3,2260,15.40_15.45_15.50_15.55_15.60_,352_282_816_690_989_,15.35_15.30_15.25_15.20_15.15_,120_593_477_377_223_
10:44:08,15.40,10,2271,15.40_15.45_15.50_15.55_15.60_,337_283_816_690_989_,15.35_15.30_15.25_15.20_15.15_,119_593_498_356_223_
10:44:29,15.40,2,2290,15.40_15.45_15.50_15.55_15.60_,338_278_816_690_989_,15.35_15.30_15.25_15.20_15.15_,119_593_477_377_223_
10:44:39,15.40,2,2290,15.40_15.45_15.50_15.55_15.60_,338_278_816_690_989_,15.35_15.30_15.25_15.20_15.15_,125_593_477_377_223_
10:45:00,15.40,2,2290,15.40_15.45_15.50_15.55_15.60_,339_278_816_690_989_,15.35_15.30_15.25_15.20_15.15_,125_594_477_377_223_
10:45:10,15.40,2,2290,15.40_15.45_15.50_15.55_15.60_,340_278_816_690_989_,15.35_15.30_15.25_15.20_15.15_,125_594_477_377_223_
10:45:20,15.35,1,2291,15.40_15.45_15.50_15.55_15.60_,340_278_816_690_989_,15.35_15.30_15.25_15.20_15.15_,124_594_498_356_223_
10:45:46,15.35,1,2292,15.40_15.45_15.50_15.55_15.60_,344_278_816_690_989_,15.35_15.30_15.25_15.20_15.15_,133_594_498_356_223_
10:46:17,15.40,3,2295,15.40_15.45_15.50_15.55_15.60_,341_277_816_690_989_,15.35_15.30_15.25_15.20_15.15_,136_594_498_356_223_
10:46:27,15.40,17,2312,15.40_15.45_15.50_15.55_15.60_,343_277_816_690_989_,15.35_15.30_15.25_15.20_15.15_,135_594_477_377_223_
10:46:32,15.40,17,2312,15.40_15.45_15.50_15.55_15.60_,343_277_816_690_989_,15.35_15.30_15.25_15.20_15.15_,138_594_477_377_223_
10:46:42,15.40,17,2312,15.40_15.45_15.50_15.55_15.60_,343_277_816_690_989_,15.35_15.30_15.25_15.20_15.15_,139_594_477_377_223_
10:47:59,15.40,1,2314,15.40_15.45_15.50_15.55_15.60_,441_277_827_690_999_,15.35_15.30_15.25_15.20_15.15_,138_594_477_377_223_
10:48:40,15.40,4,2343,15.40_15.45_15.50_15.55_15.60_,431_276_827_690_999_,15.35_15.30_15.25_15.20_15.15_,128_595_498_356_223_
10:49:06,15.35,12,2362,15.40_15.45_15.50_15.55_15.60_,424_276_827_690_999_,15.35_15.30_15.25_15.20_15.15_,109_615_477_377_223_
10:49:21,15.35,12,2362,15.40_15.45_15.50_15.55_15.60_,465_276_827_690_999_,15.35_15.30_15.25_15.20_15.15_,109_616_498_356_223_
10:49:57,15.35,5,2403,15.40_15.45_15.50_15.55_15.60_,435_277_827_690_999_,15.35_15.30_15.25_15.20_15.15_,73_615_498_356_223_
10:50:07,15.35,1,2404,15.40_15.45_15.50_15.55_15.60_,435_277_827_690_999_,15.35_15.30_15.25_15.20_15.15_,72_615_498_356_223_
10:50:28,15.40,16,2420,15.40_15.45_15.50_15.55_15.60_,419_276_827_690_999_,15.35_15.30_15.25_15.20_15.15_,76_615_477_377_223_
10:50:38,15.40,16,2420,15.40_15.45_15.50_15.55_15.60_,419_277_827_690_999_,15.35_15.30_15.25_15.20_15.15_,122_615_477_377_223_
10:50:48,15.35,1,2425,15.40_15.45_15.50_15.55_15.60_,419_277_827_690_999_,15.35_15.30_15.25_15.20_15.15_,186_615_498_356_223_
10:50:58,15.35,1,2425,15.40_15.45_15.50_15.55_15.60_,421_277_827_690_999_,15.35_15.30_15.25_15.20_15.15_,117_615_498_356_223_
10:51:09,15.35,1,2425,15.40_15.45_15.50_15.55_15.60_,422_277_827_690_999_,15.35_15.30_15.25_15.20_15.15_,117_615_498_356_223_
10:51:19,15.35,1,2425,15.40_15.45_15.50_15.55_15.60_,422_277_827_690_999_,15.35_15.30_15.25_15.20_15.15_,117_615_498_356_223_
10:51:50,15.35,5,2430,15.40_15.45_15.50_15.55_15.60_,422_277_827_690_999_,15.35_15.30_15.25_15.20_15.15_,112_615_498_356_220_
10:51:55,15.35,5,2430,15.40_15.45_15.50_15.55_15.60_,422_277_827_690_999_,15.35_15.30_15.25_15.20_15.15_,112_615_498_357_220_
10:52:10,15.35,1,2436,15.40_15.45_15.50_15.55_15.60_,421_278_827_690_999_,15.35_15.30_15.25_15.20_15.15_,114_615_498_357_220_
10:52:31,15.35,11,2463,15.40_15.45_15.50_15.55_15.60_,418_277_827_690_999_,15.35_15.30_15.25_15.20_15.15_,103_615_477_378_220_
10:52:36,15.35,11,2463,15.40_15.45_15.50_15.55_15.60_,418_277_827_690_999_,15.35_15.30_15.25_15.20_15.15_,103_615_498_357_220_
10:52:46,15.35,11,2463,15.40_15.45_15.50_15.55_15.60_,430_277_827_690_999_,15.35_15.30_15.25_15.20_15.15_,103_615_498_357_220_
10:52:51,15.35,5,2468,15.40_15.45_15.50_15.55_15.60_,430_277_827_690_999_,15.35_15.30_15.25_15.20_15.15_,99_615_498_357_220_
10:53:12,15.35,5,2485,15.40_15.45_15.50_15.55_15.60_,420_276_827_690_999_,15.35_15.30_15.25_15.20_15.15_,82_615_498_357_220_
10:53:37,15.35,1,2491,15.40_15.45_15.50_15.55_15.60_,420_276_827_690_999_,15.35_15.30_15.25_15.20_15.15_,76_615_498_357_220_
10:53:47,15.35,2,2493,15.40_15.45_15.50_15.55_15.60_,420_276_827_690_999_,15.35_15.30_15.25_15.20_15.15_,74_615_498_357_220_
