09:00:00,100.00,1233,1233,100.50_101.00_101.50_102.00_102.50_,556_2450_1470_2491_683_,100.00_99.90_99.80_99.70_99.60_,2983_56_91_73_219_
09:00:26,100.50,3,1242,100.50_101.00_101.50_102.00_102.50_,914_3057_1489_2503_683_,100.00_99.90_99.80_99.70_99.60_,3069_57_91_73_219_
09:00:41,100.50,4,1247,100.50_101.00_101.50_102.00_102.50_,941_3058_1489_2506_685_,100.00_99.90_99.80_99.70_99.60_,3081_57_92_74_219_
09:01:17,100.50,4,1262,100.50_101.00_101.50_102.00_102.50_,1022_2955_1523_2524_703_,100.00_99.90_99.80_99.70_99.60_,3087_60_92_641_713_
09:01:48,100.50,1,1276,100.50_101.00_101.50_102.00_102.50_,1064_2971_1561_2551_705_,100.00_99.90_99.80_99.70_99.60_,3206_80_93_642_715_
09:02:18,100.00,1,1286,100.50_101.00_101.50_102.00_102.50_,1108_2980_1571_2556_709_,100.00_99.90_99.80_99.70_99.60_,3191_80_165_570_716_
09:02:29,100.00,1,1291,100.50_101.00_101.50_102.00_102.50_,1140_2953_1577_2574_709_,100.00_99.90_99.80_99.70_99.60_,3235_80_166_570_716_
09:02:59,100.50,1,1304,100.50_101.00_101.50_102.00_102.50_,1127_3026_1592_2604_716_,100.00_99.90_99.80_99.70_99.60_,3324_82_92_637_716_
09:03:10,100.00,1,1316,100.50_101.00_101.50_102.00_102.50_,1105_3027_1593_2626_709_,100.00_99.90_99.80_99.70_99.60_,3345_84_91_637_716_
09:03:30,100.00,2,1372,100.50_101.00_101.50_102.00_102.50_,1413_3047_1600_2637_713_,100.00_99.90_99.80_99.70_99.60_,3365_85_159_570_721_
09:03:40,100.50,50,1423,100.50_101.00_101.50_102.00_102.50_,1397_3056_1604_2638_715_,100.00_99.90_99.80_99.70_99.60_,3368_85_160_571_721_
09:03:51,100.00,21,1450,100.50_101.00_101.50_102.00_102.50_,1459_3066_1604_2621_716_,100.00_99.90_99.80_99.70_99.60_,3360_86_92_638_721_
09:03:56,100.00,1,1451,100.50_101.00_101.50_102.00_102.50_,1461_3065_1613_2623_716_,100.00_99.90_99.80_99.70_99.60_,3281_86_160_571_721_
09:04:26,100.00,20,1500,100.50_101.00_101.50_102.00_102.50_,2249_2558_1613_2607_731_,100.00_99.90_99.80_99.70_99.60_,3267_86_160_569_728_
09:04:37,100.00,34,1584,100.50_101.00_101.50_102.00_102.50_,2211_2559_1611_2580_730_,100.00_99.90_99.80_99.70_99.60_,3229_87_92_640_728_
09:04:47,100.00,1,1587,100.50_101.00_101.50_102.00_102.50_,2215_2562_1611_2582_730_,100.00_99.90_99.80_99.70_99.60_,3233_88_247_569_729_
09:04:57,100.00,1,1587,100.50_101.00_101.50_102.00_102.50_,2238_2566_1612_2598_730_,100.00_99.90_99.80_99.70_99.60_,3263_88_248_569_730_
09:05:18,100.00,11,1598,100.50_101.00_101.50_102.00_102.50_,2324_2577_1616_2624_730_,100.00_99.90_99.80_99.70_99.60_,3275_89_250_569_730_
09:05:38,100.50,1,1613,100.50_101.00_101.50_102.00_102.50_,2316_2594_1613_2625_733_,100.00_99.90_99.80_99.70_99.60_,3297_89_178_641_731_
09:05:48,100.00,7,1626,100.50_101.00_101.50_102.00_102.50_,2325_2599_1614_2635_734_,100.00_99.90_99.80_99.70_99.60_,3296_89_178_641_732_
09:05:59,100.50,1,1627,100.50_101.00_101.50_102.00_102.50_,2331_2602_1615_2653_735_,100.00_99.90_99.80_99.70_99.60_,3301_90_249_569_732_
09:06:29,100.00,7,1652,100.50_101.00_101.50_102.00_102.50_,2475_2774_1625_2679_737_,100.00_99.90_99.80_99.70_99.60_,3345_100_249_570_732_
09:06:40,100.00,6,1667,100.50_101.00_101.50_102.00_102.50_,2477_2922_1625_2681_737_,100.00_99.90_99.80_99.70_99.60_,3421_100_249_570_731_
09:07:00,100.00,3,1677,100.50_101.00_101.50_102.00_102.50_,2484_2929_1629_2685_737_,100.00_99.90_99.80_99.70_99.60_,3436_100_251_570_733_
09:07:10,100.00,6,1690,100.50_101.00_101.50_102.00_102.50_,2481_2933_1630_2691_737_,100.00_99.90_99.80_99.70_99.60_,3418_100_179_641_733_
09:07:21,100.50,1,1700,100.50_101.00_101.50_102.00_102.50_,2479_2937_1630_2691_738_,100.00_99.90_99.80_99.70_99.60_,3408_101_249_572_733_
09:07:31,100.00,1,1704,100.50_101.00_101.50_102.00_102.50_,2464_2939_1631_2703_738_,100.00_99.90_99.80_99.70_99.60_,3413_101_249_572_733_
09:07:41,100.00,8,1712,100.50_101.00_101.50_102.00_102.50_,2488_2942_1637_2709_739_,100.00_99.90_99.80_99.70_99.60_,3320_101_250_572_738_
09:07:51,100.00,3,1717,100.50_101.00_101.50_102.00_102.50_,2467_2943_1637_2711_739_,100.00_99.90_99.80_99.70_99.60_,3423_101_180_641_741_
09:08:17,100.50,6,1733,100.50_101.00_101.50_102.00_102.50_,2486_2947_1637_2731_739_,100.00_99.90_99.80_99.70_99.60_,3425_113_250_572_741_
09:08:27,100.00,5,1739,100.50_101.00_101.50_102.00_102.50_,2492_2948_1644_2742_741_,100.00_99.90_99.80_99.70_99.60_,3434_113_181_641_741_
09:08:37,100.50,7,1751,100.50_101.00_101.50_102.00_102.50_,2407_2977_1644_2748_741_,100.00_99.90_99.80_99.70_99.60_,3436_113_181_641_741_
09:08:47,100.00,5,1761,100.50_101.00_101.50_102.00_102.50_,2359_3050_1726_2750_741_,100.00_99.90_99.80_99.70_99.60_,3435_112_181_641_743_
09:09:18,100.00,13,1818,100.50_101.00_101.50_102.00_102.50_,2414_3041_1728_2837_743_,100.00_99.90_99.80_99.70_99.60_,3428_116_181_640_743_
09:09:28,100.00,1,1819,100.50_101.00_101.50_102.00_102.50_,2414_3043_1728_2842_743_,100.00_99.90_99.80_99.70_99.60_,3443_116_249_572_743_
09:09:39,100.50,7,1831,100.50_101.00_101.50_102.00_102.50_,2410_3049_1729_2844_743_,100.00_99.90_99.80_99.70_99.60_,3448_116_249_572_744_
09:09:49,100.50,7,1831,100.50_101.00_101.50_102.00_102.50_,2411_3053_1729_2845_743_,100.00_99.90_99.80_99.70_99.60_,3679_116_676_640_744_
09:10:20,100.00,6,1857,100.50_101.00_101.50_102.00_102.50_,2458_3059_1734_2845_743_,100.00_99.90_99.80_99.70_99.60_,3691_118_743_572_744_
09:10:50,100.00,6,1878,100.50_101.00_101.50_102.00_102.50_,2513_3072_1746_2848_747_,100.00_99.90_99.80_99.70_99.60_,3487_118_676_638_743_
09:11:00,100.00,3,1884,100.50_101.00_101.50_102.00_102.50_,2521_3068_1746_2853_749_,100.00_99.90_99.80_99.70_99.60_,3491_118_676_638_743_
09:11:16,100.00,5,1912,100.50_101.00_101.50_102.00_102.50_,2524_3077_1749_2854_750_,100.00_99.90_99.80_99.70_99.60_,3470_118_742_572_744_
09:11:26,100.50,2,1914,100.50_101.00_101.50_102.00_102.50_,2523_3077_1750_2858_750_,100.00_99.90_99.80_99.70_99.60_,3480_119_743_572_744_
09:11:36,100.00,7,1928,100.50_101.00_101.50_102.00_102.50_,2569_3075_1751_2857_750_,100.00_99.90_99.80_99.70_99.60_,3489_119_679_637_744_
09:12:07,100.50,1,1951,100.50_101.00_101.50_102.00_102.50_,2600_3081_1764_2866_750_,100.00_99.90_99.80_99.70_99.60_,3465_120_678_637_744_
09:12:38,100.00,1,1962,100.50_101.00_101.50_102.00_102.50_,2601_3115_1770_2872_750_,100.00_99.90_99.80_99.70_99.60_,3497_120_680_637_743_
09:13:19,100.00,5,2000,100.50_101.00_101.50_102.00_102.50_,2562_3168_1813_2886_754_,100.00_99.90_99.80_99.70_99.60_,3519_120_680_637_743_
09:13:29,100.50,2,2002,100.50_101.00_101.50_102.00_102.50_,3605_3148_1814_2889_755_,100.00_99.90_99.80_99.70_99.60_,3521_120_745_572_742_
09:13:39,100.50,9,2012,100.50_101.00_101.50_102.00_102.50_,3595_3148_1814_2908_755_,100.00_99.90_99.80_99.70_99.60_,3506_120_680_637_742_
09:14:30,100.50,11,2068,100.50_101.00_101.50_102.00_102.50_,3575_3202_1832_2913_756_,100.00_99.90_99.80_99.70_99.60_,3558_121_681_637_744_
09:15:58,100.50,8,2164,100.50_101.00_101.50_102.00_102.50_,3670_3241_1879_2918_762_,100.00_99.90_99.80_99.70_99.60_,3561_121_746_570_743_
09:16:08,100.00,1,2166,100.50_101.00_101.50_102.00_102.50_,3671_3247_1880_2916_762_,100.00_99.90_99.80_99.70_99.60_,3581_121_681_624_743_
09:16:18,100.00,5,2182,100.50_101.00_101.50_102.00_102.50_,3674_3247_1880_2916_764_,100.00_99.90_99.80_99.70_99.60_,3586_122_681_623_743_
09:16:28,100.50,1,2188,100.50_101.00_101.50_102.00_102.50_,3670_3247_1885_2917_764_,100.00_99.90_99.80_99.70_99.60_,3595_122_676_623_743_
09:16:49,100.00,7,2206,100.50_101.00_101.50_102.00_102.50_,3697_3222_1887_2938_766_,100.00_99.90_99.80_99.70_99.60_,3596_117_741_558_744_
09:16:59,100.00,7,2206,100.50_101.00_101.50_102.00_102.50_,3670_3252_1888_2939_766_,100.00_99.90_99.80_99.70_99.60_,3523_117_741_558_744_
09:17:09,100.00,4,2214,100.50_101.00_101.50_102.00_102.50_,3672_3252_1888_2940_767_,100.00_99.90_99.80_99.70_99.60_,3526_116_676_623_744_
09:17:20,100.00,2,2217,100.50_101.00_101.50_102.00_102.50_,3653_3252_1899_2941_767_,100.00_99.90_99.80_99.70_99.60_,3529_116_676_623_744_
09:17:30,100.50,6,2224,100.50_101.00_101.50_102.00_102.50_,3661_3254_1899_2953_767_,100.00_99.90_99.80_99.70_99.60_,3542_116_676_623_744_
09:17:50,100.00,5,2236,100.50_101.00_101.50_102.00_102.50_,3666_3255_1901_2962_766_,100.00_99.90_99.80_99.70_99.60_,3532_116_678_624_745_
09:18:26,100.50,6,2254,100.50_101.00_101.50_102.00_102.50_,3681_3257_1904_2964_768_,100.00_99.90_99.80_99.70_99.60_,3540_117_743_559_745_
09:18:36,100.50,1,2257,100.50_101.00_101.50_102.00_102.50_,3683_3261_1904_2974_768_,100.00_99.90_99.80_99.70_99.60_,3639_119_744_559_746_
09:18:46,100.00,15,2286,100.50_101.00_101.50_102.00_102.50_,3671_3268_1903_2980_768_,100.00_99.90_99.80_99.70_99.60_,3626_128_679_624_746_
09:18:57,100.50,5,2297,100.50_101.00_101.50_102.00_102.50_,3660_3271_1904_2984_769_,100.00_99.90_99.80_99.70_99.60_,3639_128_679_624_746_
09:19:27,100.50,2,2344,100.50_101.00_101.50_102.00_102.50_,3667_3275_1919_2988_769_,100.00_99.90_99.80_99.70_99.60_,3607_129_744_559_751_
09:19:58,100.50,7,2360,100.50_101.00_101.50_102.00_102.50_,3723_3287_1941_2971_773_,100.00_99.90_99.80_99.70_99.60_,3621_129_679_624_752_
09:20:08,100.50,3,2364,100.50_101.00_101.50_102.00_102.50_,3723_3294_1941_2977_773_,100.00_99.90_99.80_99.70_99.60_,3637_129_679_624_752_
09:20:19,100.00,7,2372,100.50_101.00_101.50_102.00_102.50_,3753_3266_1942_3021_773_,100.00_99.90_99.80_99.70_99.60_,3624_129_679_624_753_
09:20:29,100.50,5,2379,100.50_101.00_101.50_102.00_102.50_,3739_3272_1941_3023_773_,100.00_99.90_99.80_99.70_99.60_,3619_129_679_624_753_
09:20:39,100.50,15,2401,100.50_101.00_101.50_102.00_102.50_,3695_3301_1941_3023_773_,100.00_99.90_99.80_99.70_99.60_,3617_129_678_624_753_
09:20:49,100.50,8,2418,100.50_101.00_101.50_102.00_102.50_,3691_3306_1942_3023_773_,100.00_99.90_99.80_99.70_99.60_,3614_130_743_559_753_
09:20:59,100.50,6,2429,100.50_101.00_101.50_102.00_102.50_,3685_3308_1942_3025_773_,100.00_99.90_99.80_99.70_99.60_,3620_132_678_624_753_
09:21:20,100.00,5,2455,100.50_101.00_101.50_102.00_102.50_,3675_3312_1942_3026_773_,100.00_99.90_99.80_99.70_99.60_,3631_132_678_624_753_
09:21:30,100.50,6,2461,100.50_101.00_101.50_102.00_102.50_,3652_3312_1942_3028_773_,100.00_99.90_99.80_99.70_99.60_,3645_132_743_559_753_
09:22:01,100.50,10,2514,100.50_101.00_101.50_102.00_102.50_,3627_3317_1944_3028_774_,100.00_99.90_99.80_99.70_99.60_,3854_132_679_624_753_
09:22:06,100.50,8,2522,100.50_101.00_101.50_102.00_102.50_,3620_3321_1944_3028_774_,100.00_99.90_99.80_99.70_99.60_,3858_132_679_624_753_
09:22:16,100.00,9,2541,100.50_101.00_101.50_102.00_102.50_,3614_3324_1940_3035_784_,100.00_99.90_99.80_99.70_99.60_,3868_132_679_624_753_
09:22:37,100.50,4,2553,100.50_101.00_101.50_102.00_102.50_,3619_3325_1940_3040_784_,100.00_99.90_99.80_99.70_99.60_,3894_132_744_559_753_
09:22:47,100.00,14,2584,100.50_101.00_101.50_102.00_102.50_,3603_3331_1941_3044_784_,100.00_99.90_99.80_99.70_99.60_,3878_142_679_624_753_
09:23:07,100.50,4,2603,100.50_101.00_101.50_102.00_102.50_,3614_3338_1942_3054_784_,100.00_99.90_99.80_99.70_99.60_,3881_142_744_559_753_
09:23:38,100.50,6,2634,100.50_101.00_101.50_102.00_102.50_,3617_3340_1949_3053_788_,100.00_99.90_99.80_99.70_99.60_,3899_144_743_560_753_
09:23:59,100.00,6,2653,100.50_101.00_101.50_102.00_102.50_,3653_3338_1949_3053_788_,100.00_99.90_99.80_99.70_99.60_,3889_144_679_625_753_
09:24:19,100.00,7,2673,100.50_101.00_101.50_102.00_102.50_,3665_3338_1949_3055_788_,100.00_99.90_99.80_99.70_99.60_,3892_143_743_561_753_
09:24:29,100.00,12,2691,100.50_101.00_101.50_102.00_102.50_,3651_3344_1950_3058_788_,100.00_99.90_99.80_99.70_99.60_,3892_158_679_625_753_
09:24:40,100.00,12,2713,100.50_101.00_101.50_102.00_102.50_,3651_3349_1953_3062_789_,100.00_99.90_99.80_99.70_99.60_,3684_158_743_561_753_
09:25:41,100.50,8,2848,100.50_101.00_101.50_102.00_102.50_,3683_3402_1935_3066_792_,100.00_99.90_99.80_99.70_99.60_,3637_159_680_626_753_
09:25:56,100.50,7,2862,100.50_101.00_101.50_102.00_102.50_,3675_3429_1938_3067_794_,100.00_99.90_99.80_99.70_99.60_,3674_159_744_562_753_
09:26:17,100.00,7,2881,100.50_101.00_101.50_102.00_102.50_,3697_3426_1938_3067_792_,100.00_99.90_99.80_99.70_99.60_,3662_159_744_562_753_
09:26:27,100.00,9,2897,100.50_101.00_101.50_102.00_102.50_,3685_3428_1933_3066_792_,100.00_99.90_99.80_99.70_99.60_,3669_189_682_626_753_
09:27:18,100.50,2,2951,100.50_101.00_101.50_102.00_102.50_,3684_3502_1936_3066_793_,100.00_99.90_99.80_99.70_99.60_,3668_190_682_626_753_
09:27:28,100.50,1,2956,100.50_101.00_101.50_102.00_102.50_,3692_3502_1936_3066_793_,100.00_99.90_99.80_99.70_99.60_,3671_191_748_562_753_
09:27:49,100.50,2,2969,100.50_101.00_101.50_102.00_102.50_,3692_3409_1936_3070_793_,100.00_99.90_99.80_99.70_99.60_,3955_191_749_563_754_
09:27:59,100.50,1,2980,100.50_101.00_101.50_102.00_102.50_,3683_3319_1936_3070_793_,100.00_99.90_99.80_99.70_99.60_,3977_192_685_627_754_
09:28:20,100.00,4,2990,100.50_101.00_101.50_102.00_102.50_,3690_3315_1937_3075_793_,100.00_99.90_99.80_99.70_99.60_,3989_656_684_627_754_
09:28:30,100.50,4,2998,100.50_101.00_101.50_102.00_102.50_,3687_3325_1937_3075_793_,100.00_99.90_99.80_99.70_99.60_,3985_656_748_563_754_
09:28:40,100.00,1,3001,100.50_101.00_101.50_102.00_102.50_,3689_3328_1937_3075_793_,100.00_99.90_99.80_99.70_99.60_,3967_656_684_628_754_
09:29:01,100.50,5,3023,100.50_101.00_101.50_102.00_102.50_,3185_3831_1937_3075_793_,100.00_99.90_99.80_99.70_99.60_,3957_656_684_628_754_
09:29:06,100.50,1,3024,100.50_101.00_101.50_102.00_102.50_,3188_3827_1937_3075_793_,100.00_99.90_99.80_99.70_99.60_,3958_657_684_628_754_
09:29:21,100.50,7,3044,100.50_101.00_101.50_102.00_102.50_,3172_3834_1938_3079_793_,100.00_99.90_99.80_99.70_99.60_,3960_657_684_628_754_
09:29:26,100.50,7,3051,100.50_101.00_101.50_102.00_102.50_,3168_3834_1939_3079_793_,100.00_99.90_99.80_99.70_99.60_,3967_657_684_628_754_
09:29:36,100.50,2,3056,100.50_101.00_101.50_102.00_102.50_,3170_3838_1940_3079_793_,100.00_99.90_99.80_99.70_99.60_,3984_642_664_608_744_
09:29:47,100.50,2,3059,100.50_101.00_101.50_102.00_102.50_,3168_3847_1941_3091_792_,100.00_99.90_99.80_99.70_99.60_,3984_642_728_544_744_
09:30:07,100.50,3,3086,100.50_101.00_101.50_102.00_102.50_,3182_3851_1943_3088_792_,100.00_99.90_99.80_99.70_99.60_,4479_641_728_545_250_
09:30:17,100.00,4,3090,100.50_101.00_101.50_102.00_102.50_,3190_3855_1943_3088_792_,100.00_99.90_99.80_99.70_99.60_,4477_642_664_609_250_
09:30:48,100.50,8,3141,100.50_101.00_101.50_102.00_102.50_,3176_3863_1944_3101_794_,100.00_99.90_99.80_99.70_99.60_,4175_645_669_609_250_
09:30:58,100.50,3,3146,100.50_101.00_101.50_102.00_102.50_,3172_3866_1944_3103_794_,100.00_99.90_99.80_99.70_99.60_,4168_645_669_609_253_
09:31:08,100.50,1,3148,100.50_101.00_101.50_102.00_102.50_,3184_3867_1944_3105_794_,100.00_99.90_99.80_99.70_99.60_,4208_645_733_545_253_
09:31:19,100.50,2,3151,100.50_101.00_101.50_102.00_102.50_,3188_3864_1946_3105_794_,100.00_99.90_99.80_99.70_99.60_,4213_645_669_609_253_
09:31:29,100.50,4,3162,100.50_101.00_101.50_102.00_102.50_,3180_3879_1945_3105_794_,100.00_99.90_99.80_99.70_99.60_,4220_645_669_609_253_
09:31:39,100.50,1,3166,100.50_101.00_101.50_102.00_102.50_,3193_3887_1945_3106_794_,100.00_99.90_99.80_99.70_99.60_,4627_645_669_609_253_
09:32:10,100.50,2,3181,100.50_101.00_101.50_102.00_102.50_,3191_3898_1945_3107_794_,100.00_99.90_99.80_99.70_99.60_,4636_645_669_609_253_
09:32:41,100.50,2,3229,100.50_101.00_101.50_102.00_102.50_,3155_3907_1949_3118_794_,100.00_99.90_99.80_99.70_99.60_,4637_646_668_609_253_
09:32:56,100.50,4,3238,100.50_101.00_101.50_102.00_102.50_,3221_3905_1950_3118_794_,100.00_99.90_99.80_99.70_99.60_,4639_646_668_609_253_
09:33:06,100.50,4,3243,100.50_101.00_101.50_102.00_102.50_,3251_3907_1950_3118_794_,100.00_99.90_99.80_99.70_99.60_,4642_646_668_609_253_
09:33:27,100.50,4,3248,100.50_101.00_101.50_102.00_102.50_,3251_3914_1951_3120_795_,100.00_99.90_99.80_99.70_99.60_,4652_646_668_608_255_
09:33:47,100.50,7,3259,100.50_101.00_101.50_102.00_102.50_,3279_3909_1952_3122_795_,100.00_99.90_99.80_99.70_99.60_,4615_646_733_544_255_
09:33:57,100.50,4,3270,100.50_101.00_101.50_102.00_102.50_,3268_3910_1952_3122_795_,100.00_99.90_99.80_99.70_99.60_,4618_667_669_610_255_
09:34:18,100.50,3,3286,100.50_101.00_101.50_102.00_102.50_,3282_3914_1952_3124_796_,100.00_99.90_99.80_99.70_99.60_,4634_667_733_546_255_
09:34:49,100.50,2,3303,100.50_101.00_101.50_102.00_102.50_,3286_3932_1954_3124_796_,100.00_99.90_99.80_99.70_99.60_,4642_666_734_546_255_
09:34:59,100.00,8,3320,100.50_101.00_101.50_102.00_102.50_,3274_3938_1955_3126_796_,100.00_99.90_99.80_99.70_99.60_,4642_661_671_610_255_
09:35:09,100.50,1,3322,100.50_101.00_101.50_102.00_102.50_,3274_3940_1955_3126_796_,100.00_99.90_99.80_99.70_99.60_,4642_663_671_610_255_
09:35:30,100.50,1,3334,100.50_101.00_101.50_102.00_102.50_,3270_3943_1955_3127_796_,100.00_99.90_99.80_99.70_99.60_,4661_663_673_610_255_
09:35:40,100.50,4,3340,100.50_101.00_101.50_102.00_102.50_,3267_3944_1955_3126_796_,100.00_99.90_99.80_99.70_99.60_,4665_663_741_546_256_
09:35:50,100.50,3,3344,100.50_101.00_101.50_102.00_102.50_,3272_3950_1955_3126_796_,100.00_99.90_99.80_99.70_99.60_,4668_663_673_614_256_
09:36:11,100.00,2,3362,100.50_101.00_101.50_102.00_102.50_,3263_3951_1955_3127_795_,100.00_99.90_99.80_99.70_99.60_,4682_643_673_614_261_
09:36:21,100.50,4,3367,100.50_101.00_101.50_102.00_102.50_,3267_3951_1957_3128_795_,100.00_99.90_99.80_99.70_99.60_,4673_643_673_616_261_
09:37:07,100.50,2,3397,100.50_101.00_101.50_102.00_102.50_,3355_3967_1958_3130_795_,100.00_99.90_99.80_99.70_99.60_,4323_642_674_616_290_
09:37:27,100.50,1,3414,100.50_101.00_101.50_102.00_102.50_,3469_3973_1958_3131_795_,100.00_99.90_99.80_99.70_99.60_,4336_643_674_616_261_
09:37:38,100.50,1,3418,100.50_101.00_101.50_102.00_102.50_,3482_3973_1958_3131_795_,100.00_99.90_99.80_99.70_99.60_,4337_643_742_548_261_
09:37:58,100.50,1,3429,100.50_101.00_101.50_102.00_102.50_,3502_3974_1962_3150_795_,100.00_99.90_99.80_99.70_99.60_,4365_643_674_616_262_
09:38:19,100.50,7,3442,100.50_101.00_101.50_102.00_102.50_,3498_3977_1966_3153_795_,100.00_99.90_99.80_99.70_99.60_,4374_645_742_549_262_
09:38:29,100.50,3,3452,100.50_101.00_101.50_102.00_102.50_,3495_3980_1966_3154_795_,100.00_99.90_99.80_99.70_99.60_,4363_645_742_549_262_
09:38:49,100.00,7,3467,100.50_101.00_101.50_102.00_102.50_,3497_3981_1968_3155_795_,100.00_99.90_99.80_99.70_99.60_,4358_645_674_617_262_
09:39:30,100.00,5,3580,100.50_101.00_101.50_102.00_102.50_,4001_3493_1968_3159_794_,100.00_99.90_99.80_99.70_99.60_,4348_645_675_617_262_
09:39:51,100.00,7,3671,100.50_101.00_101.50_102.00_102.50_,3995_3494_1968_3161_794_,100.00_99.90_99.80_99.70_99.60_,3798_646_674_617_769_
09:39:56,100.50,6,3677,100.50_101.00_101.50_102.00_102.50_,4023_3466_1968_3161_794_,100.00_99.90_99.80_99.70_99.60_,3807_152_746_549_769_
09:40:06,100.00,2,3682,100.50_101.00_101.50_102.00_102.50_,4022_3466_1967_3161_794_,100.00_99.90_99.80_99.70_99.60_,3812_157_678_617_759_
09:40:16,100.00,3,3687,100.50_101.00_101.50_102.00_102.50_,4036_3467_1968_3161_794_,100.00_99.90_99.80_99.70_99.60_,3886_157_746_549_759_
09:40:26,100.00,3,3698,100.50_101.00_101.50_102.00_102.50_,4182_3403_1889_3161_793_,100.00_99.90_99.80_99.70_99.60_,3879_157_746_549_759_
09:40:37,100.00,10,3710,100.50_101.00_101.50_102.00_102.50_,4162_3403_1889_3162_793_,100.00_99.90_99.80_99.70_99.60_,3873_159_679_617_759_
09:40:47,100.00,5,3716,100.50_101.00_101.50_102.00_102.50_,4221_3401_1889_3168_793_,100.00_99.90_99.80_99.70_99.60_,3872_159_747_549_757_
09:40:57,100.50,1,3723,100.50_101.00_101.50_102.00_102.50_,4233_3407_1889_3168_787_,100.00_99.90_99.80_99.70_99.60_,3874_159_680_617_757_
09:41:07,100.00,167,3892,100.50_101.00_101.50_102.00_102.50_,4239_3406_1889_3168_788_,100.00_99.90_99.80_99.70_99.60_,3710_158_679_617_757_
09:41:59,100.00,5,3974,100.50_101.00_101.50_102.00_102.50_,4104_3477_1970_3168_789_,100.00_99.90_99.80_99.70_99.60_,3694_159_596_619_757_
09:42:19,100.50,4,4019,100.50_101.00_101.50_102.00_102.50_,4112_3478_1969_3172_789_,100.00_99.90_99.80_99.70_99.60_,3652_163_664_551_761_
09:42:50,100.00,8,4054,100.50_101.00_101.50_102.00_102.50_,4029_3468_1970_3173_790_,100.00_99.90_99.80_99.70_99.60_,3647_166_599_619_761_
09:43:10,100.00,11,4081,100.50_101.00_101.50_102.00_102.50_,4041_3467_1971_3174_790_,100.00_99.90_99.80_99.70_99.60_,3641_166_663_551_761_
09:43:21,100.50,2,4088,100.50_101.00_101.50_102.00_102.50_,4041_3472_1978_3177_791_,100.00_99.90_99.80_99.70_99.60_,3639_166_595_619_761_
09:43:31,100.50,3,4091,100.50_101.00_101.50_102.00_102.50_,4048_3477_1977_3177_791_,100.00_99.90_99.80_99.70_99.60_,3641_164_597_619_761_
09:44:07,100.00,16,4149,100.50_101.00_101.50_102.00_102.50_,4359_3413_1898_3180_792_,100.00_99.90_99.80_99.70_99.60_,3603_164_172_551_762_
09:44:48,100.00,7,4179,100.50_101.00_101.50_102.00_102.50_,4362_3420_1899_3200_817_,100.00_99.90_99.80_99.70_99.60_,3598_166_173_551_762_
09:45:08,100.00,2,4204,100.50_101.00_101.50_102.00_102.50_,4413_3434_1899_3200_817_,100.00_99.90_99.80_99.70_99.60_,3604_167_105_619_762_
09:45:19,100.00,1,4215,100.50_101.00_101.50_102.00_102.50_,4380_3439_1899_3201_817_,100.00_99.90_99.80_99.70_99.60_,3592_167_173_551_763_
09:45:29,100.00,3,4221,100.50_101.00_101.50_102.00_102.50_,4433_3441_1900_3201_817_,100.00_99.90_99.80_99.70_99.60_,3589_167_173_551_763_
09:45:39,100.00,9,4233,100.50_101.00_101.50_102.00_102.50_,4382_3443_1900_3201_817_,100.00_99.90_99.80_99.70_99.60_,3582_167_105_619_763_
09:45:49,100.00,8,4250,100.50_101.00_101.50_102.00_102.50_,4427_3439_1900_3196_817_,100.00_99.90_99.80_99.70_99.60_,3574_166_105_619_763_
09:46:10,100.50,4,4264,100.50_101.00_101.50_102.00_102.50_,4430_3437_1900_3196_817_,100.00_99.90_99.80_99.70_99.60_,3579_166_106_619_763_
09:46:20,100.00,2,4270,100.50_101.00_101.50_102.00_102.50_,4382_3442_1900_3196_817_,100.00_99.90_99.80_99.70_99.60_,3576_166_106_619_763_
09:46:30,100.50,1,4272,100.50_101.00_101.50_102.00_102.50_,4434_3450_1900_3196_817_,100.00_99.90_99.80_99.70_99.60_,3580_166_106_619_763_
09:46:41,100.50,1,4276,100.50_101.00_101.50_102.00_102.50_,4380_3461_1900_3196_817_,100.00_99.90_99.80_99.70_99.60_,3580_166_106_619_765_
09:46:51,100.00,20,4301,100.50_101.00_101.50_102.00_102.50_,4436_3460_1900_3197_817_,100.00_99.90_99.80_99.70_99.60_,3565_166_106_619_765_
09:46:56,100.50,5,4306,100.50_101.00_101.50_102.00_102.50_,4431_3461_1900_3197_818_,100.00_99.90_99.80_99.70_99.60_,3570_166_175_551_765_
09:47:06,100.00,7,4314,100.50_101.00_101.50_102.00_102.50_,4405_3485_1901_3197_818_,100.00_99.90_99.80_99.70_99.60_,3569_167_107_619_765_
09:47:27,100.00,10,4341,100.50_101.00_101.50_102.00_102.50_,4431_3466_1903_3199_820_,100.00_99.90_99.80_99.70_99.60_,3566_167_669_551_765_
09:47:37,100.00,20,4364,100.50_101.00_101.50_102.00_102.50_,4441_3466_1898_3199_820_,100.00_99.90_99.80_99.70_99.60_,3549_167_670_551_765_
09:47:57,100.00,1,4378,100.50_101.00_101.50_102.00_102.50_,4438_3453_1903_3198_820_,100.00_99.90_99.80_99.70_99.60_,3640_167_602_619_766_
09:48:38,100.50,8,4413,100.50_101.00_101.50_102.00_102.50_,4490_3453_1904_3199_820_,100.00_99.90_99.80_99.70_99.60_,3649_167_670_551_766_
09:48:48,100.00,6,4424,100.50_101.00_101.50_102.00_102.50_,4494_3455_1906_3199_820_,100.00_99.90_99.80_99.70_99.60_,3572_167_602_619_766_
09:48:59,100.00,1,4428,100.50_101.00_101.50_102.00_102.50_,4497_3466_1907_3199_820_,100.00_99.90_99.80_99.70_99.60_,3568_177_670_551_766_
09:49:09,100.50,4,4490,100.50_101.00_101.50_102.00_102.50_,4495_3468_1907_3199_820_,100.00_99.90_99.80_99.70_99.60_,3517_169_176_551_766_
09:49:19,100.00,7,4500,100.50_101.00_101.50_102.00_102.50_,4565_3515_1917_3199_820_,100.00_99.90_99.80_99.70_99.60_,3526_169_176_554_766_
09:49:29,100.50,9,4509,100.50_101.00_101.50_102.00_102.50_,4563_3515_1967_3249_820_,100.00_99.90_99.80_99.70_99.60_,3526_170_607_623_766_
09:49:50,100.50,1,4517,100.50_101.00_101.50_102.00_102.50_,4570_3504_1967_3250_820_,100.00_99.90_99.80_99.70_99.60_,3533_169_607_630_766_
09:50:00,100.50,4,4527,100.50_101.00_101.50_102.00_102.50_,4566_3511_1970_3250_819_,100.00_99.90_99.80_99.70_99.60_,3536_168_670_562_766_
09:50:21,100.00,6,4549,100.50_101.00_101.50_102.00_102.50_,4561_3511_1970_3249_819_,100.00_99.90_99.80_99.70_99.60_,3518_168_602_630_766_
09:50:31,100.50,1,4558,100.50_101.00_101.50_102.00_102.50_,4570_3510_1970_3249_819_,100.00_99.90_99.80_99.70_99.60_,3519_168_602_630_766_
09:50:36,100.50,2,4560,100.50_101.00_101.50_102.00_102.50_,4570_3510_1971_3249_819_,100.00_99.90_99.80_99.70_99.60_,3518_168_602_630_766_
09:50:46,100.00,4,4568,100.50_101.00_101.50_102.00_102.50_,4569_3466_1972_3251_819_,100.00_99.90_99.80_99.70_99.60_,3684_168_602_630_766_
09:50:56,100.50,8,4579,100.50_101.00_101.50_102.00_102.50_,4530_3468_1979_3251_819_,100.00_99.90_99.80_99.70_99.60_,3681_168_602_630_766_
09:51:17,100.50,4,4618,100.50_101.00_101.50_102.00_102.50_,4533_3462_1975_3251_819_,100.00_99.90_99.80_99.70_99.60_,3662_167_670_555_766_
09:51:37,100.50,9,4646,100.50_101.00_101.50_102.00_102.50_,4598_3465_1980_3253_819_,100.00_99.90_99.80_99.70_99.60_,3662_167_602_623_766_
09:51:47,100.00,8,4656,100.50_101.00_101.50_102.00_102.50_,4611_3462_1979_3253_818_,100.00_99.90_99.80_99.70_99.60_,3655_169_602_623_766_
09:51:58,100.50,1,4662,100.50_101.00_101.50_102.00_102.50_,4610_3462_1979_3254_819_,100.00_99.90_99.80_99.70_99.60_,3658_171_600_623_766_
09:52:59,100.00,1,4698,100.50_101.00_101.50_102.00_102.50_,4633_3278_1980_3261_819_,100.00_99.90_99.80_99.70_99.60_,3665_177_601_623_766_
09:53:10,100.50,7,4718,100.50_101.00_101.50_102.00_102.50_,4613_3278_1982_3261_819_,100.00_99.90_99.80_99.70_99.60_,3664_177_601_623_766_
09:53:40,100.00,1,4853,100.50_101.00_101.50_102.00_102.50_,4542_3280_1981_3261_819_,100.00_99.90_99.80_99.70_99.60_,3475_177_669_555_766_
09:54:01,100.50,1,4912,100.50_101.00_101.50_102.00_102.50_,4476_3282_1981_3267_819_,100.00_99.90_99.80_99.70_99.60_,3475_172_607_624_766_
09:54:37,100.50,10,4954,100.50_101.00_101.50_102.00_102.50_,4456_3285_1982_3268_819_,100.00_99.90_99.80_99.70_99.60_,3613_174_602_623_767_
09:54:47,100.50,3,4960,100.50_101.00_101.50_102.00_102.50_,4461_3289_1983_3269_819_,100.00_99.90_99.80_99.70_99.60_,3612_175_602_623_767_
09:54:57,100.00,51,5011,100.50_101.00_101.50_102.00_102.50_,4465_3295_1983_3269_819_,100.00_99.90_99.80_99.70_99.60_,3617_175_602_623_767_
09:55:07,100.50,1,5024,100.50_101.00_101.50_102.00_102.50_,4453_3296_1984_3268_819_,100.00_99.90_99.80_99.70_99.60_,3618_176_602_623_767_
09:55:28,100.00,3,5042,100.50_101.00_101.50_102.00_102.50_,4460_3296_1986_3269_819_,100.00_99.90_99.80_99.70_99.60_,3620_179_602_623_767_
09:56:29,100.50,4,5099,100.50_101.00_101.50_102.00_102.50_,4555_3298_1984_3269_819_,100.00_99.90_99.80_99.70_99.60_,3602_188_608_623_767_
09:56:40,100.50,1,5105,100.50_101.00_101.50_102.00_102.50_,4556_3301_1983_3269_819_,100.00_99.90_99.80_99.70_99.60_,3603_189_608_623_767_
09:57:00,100.50,3,5121,100.50_101.00_101.50_102.00_102.50_,4553_3302_1985_3274_819_,100.00_99.90_99.80_99.70_99.60_,3557_683_608_623_767_
09:57:10,100.50,1,5124,100.50_101.00_101.50_102.00_102.50_,4562_3303_1985_3274_819_,100.00_99.90_99.80_99.70_99.60_,3557_683_608_623_767_
09:57:46,100.00,3,5144,100.50_101.00_101.50_102.00_102.50_,4627_3305_1986_3274_819_,100.00_99.90_99.80_99.70_99.60_,3564_683_610_623_766_
09:58:07,100.00,1,5161,100.50_101.00_101.50_102.00_102.50_,4618_3306_1987_3276_819_,100.00_99.90_99.80_99.70_99.60_,3558_686_680_555_766_
09:58:27,100.50,4,5169,100.50_101.00_101.50_102.00_102.50_,4612_3314_1987_3276_819_,100.00_99.90_99.80_99.70_99.60_,3563_687_613_623_766_
09:58:37,100.50,1,5174,100.50_101.00_101.50_102.00_102.50_,4611_3313_1987_3278_819_,100.00_99.90_99.80_99.70_99.60_,3566_687_613_623_766_
09:58:48,100.50,2,5186,100.50_101.00_101.50_102.00_102.50_,4611_3315_1987_3278_819_,100.00_99.90_99.80_99.70_99.60_,3558_687_681_555_766_
09:58:58,100.50,6,5198,100.50_101.00_101.50_102.00_102.50_,4602_3316_1992_3278_819_,100.00_99.90_99.80_99.70_99.60_,3561_688_609_623_767_
09:59:08,100.50,9,5207,100.50_101.00_101.50_102.00_102.50_,4597_3315_1992_3278_819_,100.00_99.90_99.80_99.70_99.60_,3558_687_609_623_767_
09:59:29,100.50,3,5228,100.50_101.00_101.50_102.00_102.50_,4594_3324_1997_3276_819_,100.00_99.90_99.80_99.70_99.60_,3545_687_610_623_767_
09:59:39,100.50,3,5232,100.50_101.00_101.50_102.00_102.50_,4591_3325_1997_3276_819_,100.00_99.90_99.80_99.70_99.60_,3542_687_610_623_767_
09:59:49,100.50,2,5234,100.50_101.00_101.50_102.00_102.50_,4590_3330_1999_3276_819_,100.00_99.90_99.80_99.70_99.60_,3543_687_610_623_767_
09:59:59,100.50,3,5238,100.50_101.00_101.50_102.00_102.50_,4549_3363_1999_3277_819_,100.00_99.90_99.80_99.70_99.60_,3544_687_610_623_767_
10:00:10,100.50,3,5246,100.50_101.00_101.50_102.00_102.50_,4645_3333_1999_3277_819_,100.00_99.90_99.80_99.70_99.60_,3602_688_678_555_767_
10:00:30,100.50,3,5378,100.50_101.00_101.50_102.00_102.50_,4684_3337_1999_3278_819_,100.00_99.90_99.80_99.70_99.60_,3487_686_678_555_767_
10:00:56,100.50,8,5395,100.50_101.00_101.50_102.00_102.50_,4680_3339_2000_3278_820_,100.00_99.90_99.80_99.70_99.60_,3490_688_679_555_767_
10:01:16,100.50,1,5400,100.50_101.00_101.50_102.00_102.50_,4679_3352_2000_3278_820_,100.00_99.90_99.80_99.70_99.60_,3481_689_611_623_767_
10:01:47,100.50,2,5429,100.50_101.00_101.50_102.00_102.50_,4676_3356_2000_3279_820_,100.00_99.90_99.80_99.70_99.60_,3474_700_679_555_767_
10:01:57,100.50,5,5440,100.50_101.00_101.50_102.00_102.50_,4599_3355_2000_3279_820_,100.00_99.90_99.80_99.70_99.60_,3470_700_679_555_767_
10:02:07,100.00,2,5444,100.50_101.00_101.50_102.00_102.50_,4595_3355_2000_3280_820_,100.00_99.90_99.80_99.70_99.60_,4073_699_679_555_767_
10:02:17,100.50,4,5451,100.50_101.00_101.50_102.00_102.50_,4592_3356_2000_3281_820_,100.00_99.90_99.80_99.70_99.60_,4079_699_679_555_767_
10:02:38,100.00,3,5479,100.50_101.00_101.50_102.00_102.50_,4577_3411_2001_3281_821_,100.00_99.90_99.80_99.70_99.60_,4064_699_613_624_767_
10:02:48,100.00,6,5487,100.50_101.00_101.50_102.00_102.50_,4578_3417_2001_3281_821_,100.00_99.90_99.80_99.70_99.60_,4060_699_681_556_767_
10:02:58,100.50,4,5497,100.50_101.00_101.50_102.00_102.50_,4581_3424_2001_3282_821_,100.00_99.90_99.80_99.70_99.60_,4098_699_682_556_768_
10:03:50,100.50,2,5673,100.50_101.00_101.50_102.00_102.50_,4563_3434_2002_3263_821_,100.00_99.90_99.80_99.70_99.60_,3894_692_613_623_768_
10:04:00,100.50,3,5685,100.50_101.00_101.50_102.00_102.50_,4562_3434_2008_3263_822_,100.00_99.90_99.80_99.70_99.60_,3894_692_614_623_768_
10:04:20,100.50,4,5697,100.50_101.00_101.50_102.00_102.50_,4572_3438_2008_3263_822_,100.00_99.90_99.80_99.70_99.60_,3904_692_683_555_768_
10:04:31,100.50,3,5704,100.50_101.00_101.50_102.00_102.50_,4566_3438_2010_3264_822_,100.00_99.90_99.80_99.70_99.60_,3910_692_615_623_768_
10:04:41,100.50,3,5708,100.50_101.00_101.50_102.00_102.50_,4574_3435_2010_3268_822_,100.00_99.90_99.80_99.70_99.60_,3904_693_683_555_768_
10:04:46,100.00,1,5709,100.50_101.00_101.50_102.00_102.50_,4578_3437_2010_3269_822_,100.00_99.90_99.80_99.70_99.60_,3903_693_615_623_768_
10:04:56,100.50,11,5728,100.50_101.00_101.50_102.00_102.50_,4578_3435_2010_3270_823_,100.00_99.90_99.80_99.70_99.60_,3897_714_688_555_768_
10:05:17,100.50,6,5744,100.50_101.00_101.50_102.00_102.50_,4579_3438_2012_3270_822_,100.00_99.90_99.80_99.70_99.60_,3890_714_620_623_773_
10:05:37,100.00,5,5765,100.50_101.00_101.50_102.00_102.50_,4575_3444_2016_3269_822_,100.00_99.90_99.80_99.70_99.60_,3883_714_620_623_773_
10:05:47,100.00,14,5784,100.50_101.00_101.50_102.00_102.50_,4591_3445_2016_3269_822_,100.00_99.90_99.80_99.70_99.60_,3868_714_690_555_773_
10:06:08,100.50,3,5807,100.50_101.00_101.50_102.00_102.50_,4586_3453_2016_3269_827_,100.00_99.90_99.80_99.70_99.60_,3856_715_691_555_776_
10:06:28,100.50,5,5834,100.50_101.00_101.50_102.00_102.50_,4576_3447_2016_3268_827_,100.00_99.90_99.80_99.70_99.60_,3959_715_616_624_776_
10:06:39,100.50,4,5841,100.50_101.00_101.50_102.00_102.50_,4573_3433_2019_3268_828_,100.00_99.90_99.80_99.70_99.60_,3955_715_616_624_776_
10:06:49,100.50,3,5847,100.50_101.00_101.50_102.00_102.50_,4578_3428_2019_3268_828_,100.00_99.90_99.80_99.70_99.60_,3954_715_684_556_776_
10:06:59,100.50,1,5852,100.50_101.00_101.50_102.00_102.50_,4575_3403_2019_3268_828_,100.00_99.90_99.80_99.70_99.60_,3960_715_616_624_776_
10:07:09,100.50,5,5858,100.50_101.00_101.50_102.00_102.50_,4570_3404_2019_3268_828_,100.00_99.90_99.80_99.70_99.60_,3964_714_683_556_776_
10:07:20,100.00,8,5868,100.50_101.00_101.50_102.00_102.50_,4577_3404_2019_3268_828_,100.00_99.90_99.80_99.70_99.60_,3957_714_683_556_776_
10:07:40,100.50,3,5889,100.50_101.00_101.50_102.00_102.50_,4616_4406_2019_3270_829_,100.00_99.90_99.80_99.70_99.60_,3986_714_684_556_776_
10:07:50,100.50,5,5896,100.50_101.00_101.50_102.00_102.50_,4612_4406_2020_3270_829_,100.00_99.90_99.80_99.70_99.60_,3990_714_615_624_776_
10:07:56,100.50,9,5905,100.50_101.00_101.50_102.00_102.50_,4605_4406_2020_3270_829_,100.00_99.90_99.80_99.70_99.60_,4481_714_616_624_282_
10:08:16,100.00,3,5921,100.50_101.00_101.50_102.00_102.50_,4621_4407_2021_3270_829_,100.00_99.90_99.80_99.70_99.60_,4480_714_617_624_282_
10:08:26,100.00,7,5935,100.50_101.00_101.50_102.00_102.50_,4615_4407_2022_3270_829_,100.00_99.90_99.80_99.70_99.60_,4471_715_689_556_282_
10:08:37,100.00,1,5939,100.50_101.00_101.50_102.00_102.50_,4608_4413_2022_3271_829_,100.00_99.90_99.80_99.70_99.60_,4438_715_621_625_282_
10:09:07,100.50,2,5964,100.50_101.00_101.50_102.00_102.50_,4593_4415_2022_3272_829_,100.00_99.90_99.80_99.70_99.60_,4434_715_617_625_282_
10:09:28,100.50,4,6001,100.50_101.00_101.50_102.00_102.50_,4614_4412_2022_3274_829_,100.00_99.90_99.80_99.70_99.60_,4411_715_689_557_282_
10:09:38,100.00,5,6011,100.50_101.00_101.50_102.00_102.50_,4633_4414_2022_3274_829_,100.00_99.90_99.80_99.70_99.60_,5004_715_689_557_282_
10:09:48,100.50,7,6019,100.50_101.00_101.50_102.00_102.50_,4625_4414_2022_3274_834_,100.00_99.90_99.80_99.70_99.60_,5013_706_621_625_282_
10:10:09,100.50,1,6034,100.50_101.00_101.50_102.00_102.50_,4455_4512_2106_3278_834_,100.00_99.90_99.80_99.70_99.60_,4953_706_615_625_283_
10:10:19,100.50,6,6040,100.50_101.00_101.50_102.00_102.50_,4465_4513_2106_3279_834_,100.00_99.90_99.80_99.70_99.60_,4957_708_615_625_283_
10:10:29,100.50,12,6052,100.50_101.00_101.50_102.00_102.50_,4460_4516_2106_3279_834_,100.00_99.90_99.80_99.70_99.60_,4958_708_616_625_283_
10:10:50,100.50,4,6071,100.50_101.00_101.50_102.00_102.50_,3961_5010_2106_3279_834_,100.00_99.90_99.80_99.70_99.60_,4968_710_616_627_284_
10:11:15,100.50,84,6179,100.50_101.00_101.50_102.00_102.50_,3811_5049_2108_3279_834_,100.00_99.90_99.80_99.70_99.60_,4982_710_616_629_284_
10:11:26,100.00,2,6186,100.50_101.00_101.50_102.00_102.50_,3738_5049_2108_3279_834_,100.00_99.90_99.80_99.70_99.60_,4988_710_616_629_284_
10:11:36,100.00,2,6192,100.50_101.00_101.50_102.00_102.50_,3751_5053_2108_3280_834_,100.00_99.90_99.80_99.70_99.60_,4989_710_684_561_284_
10:11:46,100.00,3,6199,100.50_101.00_101.50_102.00_102.50_,3750_5079_2108_3280_834_,100.00_99.90_99.80_99.70_99.60_,4709_710_684_561_284_
10:12:07,100.00,2,6217,100.50_101.00_101.50_102.00_102.50_,3746_5084_2104_3280_834_,100.00_99.90_99.80_99.70_99.60_,4707_710_616_629_284_
10:12:48,100.50,69,6311,100.50_101.00_101.50_102.00_102.50_,3730_5087_2105_3280_834_,100.00_99.90_99.80_99.70_99.60_,4723_712_616_630_284_
10:13:08,100.50,1,6406,100.50_101.00_101.50_102.00_102.50_,3649_5093_2107_3280_834_,100.00_99.90_99.80_99.70_99.60_,4742_710_684_562_284_
10:13:29,100.00,4,6421,100.50_101.00_101.50_102.00_102.50_,3780_5093_2107_3284_834_,100.00_99.90_99.80_99.70_99.60_,4742_711_615_630_282_
10:13:59,100.50,1,6632,100.50_101.00_101.50_102.00_102.50_,3619_5100_2110_3284_834_,100.00_99.90_99.80_99.70_99.60_,4709_711_634_630_278_
10:14:10,100.50,5,6640,100.50_101.00_101.50_102.00_102.50_,3614_5113_2110_3284_834_,100.00_99.90_99.80_99.70_99.60_,4729_711_634_630_278_
10:15:16,100.50,5,6836,100.50_101.00_101.50_102.00_102.50_,2615_5135_2110_3290_838_,100.00_99.90_99.80_99.70_99.60_,4789_710_622_630_278_
10:15:26,100.50,12,6854,100.50_101.00_101.50_102.00_102.50_,2608_5136_2110_3290_838_,100.00_99.90_99.80_99.70_99.60_,4785_712_694_563_278_
10:16:28,100.50,3,6950,100.50_101.00_101.50_102.00_102.50_,2522_5159_2112_3291_838_,100.00_99.90_99.80_99.70_99.60_,4891_713_614_631_274_
10:16:38,100.50,3,6976,100.50_101.00_101.50_102.00_102.50_,2494_5161_2112_3292_838_,100.00_99.90_99.80_99.70_99.60_,4915_713_614_631_274_
10:16:48,100.50,4,6986,100.50_101.00_101.50_102.00_102.50_,2489_5162_2112_3292_838_,100.00_99.90_99.80_99.70_99.60_,4916_713_614_631_274_
10:16:59,100.50,9,7000,100.50_101.00_101.50_102.00_102.50_,2481_5164_2112_3292_838_,100.00_99.90_99.80_99.70_99.60_,4914_713_682_563_274_
10:17:09,100.50,1,7004,100.50_101.00_101.50_102.00_102.50_,2473_5166_2112_3292_838_,100.00_99.90_99.80_99.70_99.60_,4916_713_614_631_274_
10:17:29,100.00,2,7129,100.50_101.00_101.50_102.00_102.50_,2375_5174_2112_3293_838_,100.00_99.90_99.80_99.70_99.60_,4912_713_614_631_274_
10:18:00,100.50,1,7151,100.50_101.00_101.50_102.00_102.50_,2415_5173_2110_3293_838_,100.00_99.90_99.80_99.70_99.60_,4942_714_614_630_274_
10:18:10,100.50,5,7162,100.50_101.00_101.50_102.00_102.50_,2409_5173_2110_3293_838_,100.00_99.90_99.80_99.70_99.60_,4936_714_682_562_274_
10:18:31,100.50,80,7257,100.50_101.00_101.50_102.00_102.50_,2308_5179_2115_3293_838_,100.00_99.90_99.80_99.70_99.60_,4962_714_613_630_274_
10:18:46,100.50,6,7268,100.50_101.00_101.50_102.00_102.50_,2300_5182_2116_3294_838_,100.00_99.90_99.80_99.70_99.60_,4974_714_613_630_274_
10:19:17,100.00,5,7296,100.50_101.00_101.50_102.00_102.50_,2299_5205_2137_3295_838_,100.00_99.90_99.80_99.70_99.60_,4993_715_613_630_275_
10:19:27,100.50,10,7309,100.50_101.00_101.50_102.00_102.50_,2289_5228_2137_3305_838_,100.00_99.90_99.80_99.70_99.60_,4994_715_613_630_275_
10:19:47,100.50,11,7326,100.50_101.00_101.50_102.00_102.50_,2276_5225_2138_3306_838_,100.00_99.90_99.80_99.70_99.60_,5011_717_613_630_275_
10:19:58,100.50,70,7401,100.50_101.00_101.50_102.00_102.50_,2217_5225_2138_3308_838_,100.00_99.90_99.80_99.70_99.60_,5014_716_682_562_275_
10:20:08,100.50,3,7410,100.50_101.00_101.50_102.00_102.50_,2211_5237_2138_3308_838_,100.00_99.90_99.80_99.70_99.60_,5012_719_683_562_275_
10:20:28,100.50,3,7421,100.50_101.00_101.50_102.00_102.50_,2255_5239_2138_3308_838_,100.00_99.90_99.80_99.70_99.60_,5025_720_614_630_275_
10:20:39,100.50,3,7427,100.50_101.00_101.50_102.00_102.50_,2249_5239_2141_3308_838_,100.00_99.90_99.80_99.70_99.60_,5035_720_613_630_275_
10:20:59,100.50,3,7447,100.50_101.00_101.50_102.00_102.50_,2241_5230_2141_3308_839_,100.00_99.90_99.80_99.70_99.60_,5228_720_613_630_275_
10:21:30,100.50,8,7577,100.50_101.00_101.50_102.00_102.50_,2081_5290_2142_3314_840_,100.00_99.90_99.80_99.70_99.60_,5276_720_613_630_275_
10:21:45,100.50,2,7605,100.50_101.00_101.50_102.00_102.50_,2057_5290_2140_3314_840_,100.00_99.90_99.80_99.70_99.60_,5264_721_613_630_275_
10:22:11,100.50,113,7745,100.50_101.00_101.50_102.00_102.50_,1945_5297_2140_3314_840_,100.00_99.90_99.80_99.70_99.60_,5263_722_613_630_275_
10:22:16,100.00,1,7746,100.50_101.00_101.50_102.00_102.50_,1944_5297_2141_3314_840_,100.00_99.90_99.80_99.70_99.60_,5262_722_613_630_275_
10:22:31,100.50,18,7831,100.50_101.00_101.50_102.00_102.50_,1880_5294_2152_3315_840_,100.00_99.90_99.80_99.70_99.60_,5260_725_624_631_275_
10:22:36,100.50,14,7845,100.50_101.00_101.50_102.00_102.50_,1869_5298_2152_3316_840_,100.00_99.90_99.80_99.70_99.60_,5259_725_624_631_275_
10:23:17,100.00,3,7886,100.50_101.00_101.50_102.00_102.50_,1847_5301_2149_3322_842_,100.00_99.90_99.80_99.70_99.60_,5280_725_613_630_275_
10:23:28,100.50,17,7908,100.50_101.00_101.50_102.00_102.50_,1828_5305_2150_3322_843_,100.00_99.90_99.80_99.70_99.60_,5272_725_616_630_275_
10:23:48,100.50,10,7939,100.50_101.00_101.50_102.00_102.50_,1839_5310_2153_3322_843_,100.00_99.90_99.80_99.70_99.60_,5285_725_619_631_275_
10:23:58,100.50,7,7950,100.50_101.00_101.50_102.00_102.50_,1858_5306_2154_3322_843_,100.00_99.90_99.80_99.70_99.60_,5278_725_624_630_275_
10:24:39,100.50,2,8039,100.50_101.00_101.50_102.00_102.50_,1772_5317_2156_3322_843_,100.00_99.90_99.80_99.70_99.60_,5294_716_622_630_275_
10:24:50,100.50,3,8144,100.50_101.00_101.50_102.00_102.50_,1675_5329_2157_3322_843_,100.00_99.90_99.80_99.70_99.60_,5296_716_622_630_275_
10:25:10,100.50,54,8248,100.50_101.00_101.50_102.00_102.50_,1579_5356_2157_3322_843_,100.00_99.90_99.80_99.70_99.60_,5298_717_622_631_275_
10:25:15,100.50,8,8256,100.50_101.00_101.50_102.00_102.50_,1572_5356_2157_3322_843_,100.00_99.90_99.80_99.70_99.60_,5298_717_619_631_274_
10:25:26,100.50,14,8271,100.50_101.00_101.50_102.00_102.50_,1563_5353_2157_3322_843_,100.00_99.90_99.80_99.70_99.60_,5306_717_613_631_274_
10:25:36,100.50,4,8277,100.50_101.00_101.50_102.00_102.50_,1565_5365_2157_3322_843_,100.00_99.90_99.80_99.70_99.60_,5312_717_613_631_274_
10:25:46,100.50,4,8283,100.50_101.00_101.50_102.00_102.50_,1570_5373_2157_3324_843_,100.00_99.90_99.80_99.70_99.60_,5365_717_613_631_274_
10:26:01,100.50,6,8298,100.50_101.00_101.50_102.00_102.50_,1566_5374_2170_3324_843_,100.00_99.90_99.80_99.70_99.60_,5369_717_613_631_274_
10:26:17,100.50,77,8383,100.50_101.00_101.50_102.00_102.50_,1485_5374_2170_3327_843_,100.00_99.90_99.80_99.70_99.60_,5385_717_613_631_273_
10:26:37,100.50,5,8412,100.50_101.00_101.50_102.00_102.50_,1488_5350_2172_3328_845_,100.00_99.90_99.80_99.70_99.60_,5378_717_613_631_274_
10:26:48,100.50,2,8418,100.50_101.00_101.50_102.00_102.50_,1484_5350_2172_3353_845_,100.00_99.90_99.80_99.70_99.60_,5388_717_613_630_274_
10:27:29,100.50,5,8568,100.50_101.00_101.50_102.00_102.50_,1359_5227_2174_3357_845_,100.00_99.90_99.80_99.70_99.60_,5384_717_681_562_274_
10:27:39,100.50,3,8669,100.50_101.00_101.50_102.00_102.50_,1259_5206_2239_3437_845_,100.00_99.90_99.80_99.70_99.60_,5415_726_613_630_274_
10:27:49,100.50,2,8674,100.50_101.00_101.50_102.00_102.50_,1295_5205_2239_3398_845_,100.00_99.90_99.80_99.70_99.60_,5417_726_612_630_274_
10:28:09,100.50,7,8699,100.50_101.00_101.50_102.00_102.50_,1272_5205_2239_3398_845_,100.00_99.90_99.80_99.70_99.60_,5456_726_612_630_274_
10:28:20,100.50,3,8705,100.50_101.00_101.50_102.00_102.50_,1267_5205_2239_3408_845_,100.00_99.90_99.80_99.70_99.60_,5463_726_612_628_274_
10:28:30,100.50,8,8751,100.50_101.00_101.50_102.00_102.50_,1268_5212_2239_3408_845_,100.00_99.90_99.80_99.70_99.60_,5468_726_612_628_274_
10:28:35,100.50,8,8759,100.50_101.00_101.50_102.00_102.50_,1267_5212_2239_3408_845_,100.00_99.90_99.80_99.70_99.60_,5470_726_612_628_274_
10:29:06,100.50,2,8799,100.50_101.00_101.50_102.00_102.50_,1231_5212_2245_3407_845_,100.00_99.90_99.80_99.70_99.60_,5472_728_612_628_274_
10:29:16,100.50,24,8824,100.50_101.00_101.50_102.00_102.50_,1209_5216_2245_3407_845_,100.00_99.90_99.80_99.70_99.60_,5475_728_612_628_274_
10:29:26,100.50,21,8860,100.50_101.00_101.50_102.00_102.50_,1207_5217_2244_3407_845_,100.00_99.90_99.80_99.70_99.60_,5468_728_612_628_273_
10:29:57,100.50,23,8912,100.50_101.00_101.50_102.00_102.50_,1197_5238_2245_3407_846_,100.00_99.90_99.80_99.70_99.60_,5467_729_612_628_273_
10:30:38,100.50,1,8943,100.50_101.00_101.50_102.00_102.50_,1183_5250_2244_3408_851_,100.00_99.90_99.80_99.70_99.60_,5468_729_612_628_273_
10:30:58,100.50,12,8970,100.50_101.00_101.50_102.00_102.50_,1163_5248_2245_3409_851_,100.00_99.90_99.80_99.70_99.60_,5456_729_681_560_273_
10:31:09,100.50,2,8974,100.50_101.00_101.50_102.00_102.50_,1163_5248_2245_3408_851_,100.00_99.90_99.80_99.70_99.60_,5460_729_612_628_273_
10:31:19,100.00,2,8985,100.50_101.00_101.50_102.00_102.50_,1205_5254_2245_3408_851_,100.00_99.90_99.80_99.70_99.60_,5458_729_612_628_273_
10:31:29,100.50,12,9000,100.50_101.00_101.50_102.00_102.50_,1688_4760_2245_3409_851_,100.00_99.90_99.80_99.70_99.60_,5452_729_614_628_273_
10:31:39,100.50,4,9004,100.50_101.00_101.50_102.00_102.50_,1686_4765_2245_3409_851_,100.00_99.90_99.80_99.70_99.60_,5452_729_614_628_273_
10:31:49,100.50,1,9009,100.50_101.00_101.50_102.00_102.50_,1686_4765_2245_3412_851_,100.00_99.90_99.80_99.70_99.60_,5452_729_614_628_273_
10:32:00,100.00,1,9026,100.50_101.00_101.50_102.00_102.50_,1670_4765_2245_3412_851_,100.00_99.90_99.80_99.70_99.60_,5413_726_614_628_273_
10:32:10,100.50,2,9031,100.50_101.00_101.50_102.00_102.50_,1666_4769_2246_3412_851_,100.00_99.90_99.80_99.70_99.60_,5415_724_612_628_273_
10:32:20,100.50,1,9037,100.50_101.00_101.50_102.00_102.50_,1667_4769_2246_3412_851_,100.00_99.90_99.80_99.70_99.60_,5447_725_612_628_273_
10:32:51,100.50,1,9055,100.50_101.00_101.50_102.00_102.50_,1675_4764_2247_3413_852_,100.00_99.90_99.80_99.70_99.60_,5453_721_611_628_273_
10:32:56,100.50,9,9064,100.50_101.00_101.50_102.00_102.50_,1667_4767_2247_3413_852_,100.00_99.90_99.80_99.70_99.60_,5452_721_611_628_273_
10:33:17,100.00,1,9076,100.50_101.00_101.50_102.00_102.50_,1672_4771_2248_3414_852_,100.00_99.90_99.80_99.70_99.60_,5449_721_611_628_273_
10:33:47,100.50,1,9098,100.50_101.00_101.50_102.00_102.50_,1668_4772_2252_3415_852_,100.00_99.90_99.80_99.70_99.60_,5434_721_626_628_273_
10:33:58,100.50,11,9115,100.50_101.00_101.50_102.00_102.50_,1657_4763_2252_3425_852_,100.00_99.90_99.80_99.70_99.60_,5418_721_694_560_273_
10:34:38,100.50,2,9136,100.50_101.00_101.50_102.00_102.50_,1666_4765_2253_3425_852_,100.00_99.90_99.80_99.70_99.60_,5417_721_611_628_273_
10:34:49,100.50,2,9141,100.50_101.00_101.50_102.00_102.50_,1680_4765_2253_3415_852_,100.00_99.90_99.80_99.70_99.60_,5417_721_611_628_273_
10:34:59,100.50,4,9149,100.50_101.00_101.50_102.00_102.50_,1685_4769_2253_3415_852_,100.00_99.90_99.80_99.70_99.60_,5421_721_611_628_274_
10:35:30,100.50,2,9172,100.50_101.00_101.50_102.00_102.50_,1690_4775_2254_3415_852_,100.00_99.90_99.80_99.70_99.60_,5410_721_611_628_274_
10:35:40,100.50,3,9177,100.50_101.00_101.50_102.00_102.50_,1686_4775_2254_3416_852_,100.00_99.90_99.80_99.70_99.60_,5409_721_611_628_274_
10:35:50,100.00,6,9186,100.50_101.00_101.50_102.00_102.50_,1683_4777_2254_3416_852_,100.00_99.90_99.80_99.70_99.60_,5407_721_611_629_274_
10:36:00,100.00,1,9191,100.50_101.00_101.50_102.00_102.50_,1279_5275_2257_3416_852_,100.00_99.90_99.80_99.70_99.60_,5411_721_611_629_274_
10:36:21,100.50,5,9212,100.50_101.00_101.50_102.00_102.50_,1271_5277_2256_3416_852_,100.00_99.90_99.80_99.70_99.60_,5409_721_679_561_274_
10:36:31,100.50,2,9221,100.50_101.00_101.50_102.00_102.50_,1267_5277_2256_3416_852_,100.00_99.90_99.80_99.70_99.60_,5409_721_611_629_274_
10:36:41,100.50,3,9224,100.50_101.00_101.50_102.00_102.50_,1274_5273_2256_3416_852_,100.00_99.90_99.80_99.70_99.60_,5413_721_611_629_275_
10:37:07,100.50,1,9242,100.50_101.00_101.50_102.00_102.50_,1292_5293_2260_3416_852_,100.00_99.90_99.80_99.70_99.60_,5410_717_611_629_275_
10:37:38,100.50,1,9262,100.50_101.00_101.50_102.00_102.50_,1288_5299_2262_3417_852_,100.00_99.90_99.80_99.70_99.60_,5409_717_679_561_275_
10:37:48,100.50,2,9267,100.50_101.00_101.50_102.00_102.50_,1292_5299_2262_3417_852_,100.00_99.90_99.80_99.70_99.60_,5415_717_611_629_278_
10:38:08,100.50,1,9276,100.50_101.00_101.50_102.00_102.50_,1294_5300_2261_3417_852_,100.00_99.90_99.80_99.70_99.60_,5421_717_611_629_278_
10:38:18,100.50,5,9282,100.50_101.00_101.50_102.00_102.50_,1290_5302_2261_3417_852_,100.00_99.90_99.80_99.70_99.60_,5422_717_611_629_278_
10:38:39,100.50,11,9302,100.50_101.00_101.50_102.00_102.50_,1271_5302_2262_3418_854_,100.00_99.90_99.80_99.70_99.60_,5431_717_611_629_278_
10:38:49,100.50,6,9330,100.50_101.00_101.50_102.00_102.50_,1267_5302_2262_3418_854_,100.00_99.90_99.80_99.70_99.60_,5416_717_611_629_278_
10:38:59,100.50,2,9339,100.50_101.00_101.50_102.00_102.50_,1283_5302_2263_3418_854_,100.00_99.90_99.80_99.70_99.60_,5416_717_679_561_278_
10:39:40,100.50,6,9369,100.50_101.00_101.50_102.00_102.50_,1298_5307_2267_3418_870_,100.00_99.90_99.80_99.70_99.60_,5438_718_611_629_278_
10:39:45,100.50,6,9369,100.50_101.00_101.50_102.00_102.50_,1299_5307_2267_3418_870_,100.00_99.90_99.80_99.70_99.60_,5439_718_611_629_278_
10:39:56,100.00,28,9397,100.50_101.00_101.50_102.00_102.50_,1297_5307_2268_3418_870_,100.00_99.90_99.80_99.70_99.60_,5422_718_679_561_278_
10:40:06,100.50,2,9400,100.50_101.00_101.50_102.00_102.50_,1297_5310_2268_3418_867_,100.00_99.90_99.80_99.70_99.60_,5428_718_613_629_278_
10:40:16,100.50,3,9405,100.50_101.00_101.50_102.00_102.50_,1293_5310_2269_3418_867_,100.00_99.90_99.80_99.70_99.60_,5430_719_613_629_278_
10:40:26,100.50,7,9435,100.50_101.00_101.50_102.00_102.50_,1266_5316_2269_3418_867_,100.00_99.90_99.80_99.70_99.60_,5428_719_613_629_278_
10:40:37,100.50,2,9438,100.50_101.00_101.50_102.00_102.50_,1271_5314_2269_3418_867_,100.00_99.90_99.80_99.70_99.60_,5428_720_611_629_278_
10:40:57,100.50,8,9453,100.50_101.00_101.50_102.00_102.50_,1258_5316_2269_3418_867_,100.00_99.90_99.80_99.70_99.60_,5430_720_611_629_278_
10:41:17,100.50,3,9465,100.50_101.00_101.50_102.00_102.50_,1250_5321_2267_3418_867_,100.00_99.90_99.80_99.70_99.60_,5431_719_611_629_277_
10:41:38,100.50,3,9475,100.50_101.00_101.50_102.00_102.50_,1249_5322_2268_3418_867_,100.00_99.90_99.80_99.70_99.60_,5433_719_611_629_276_
10:41:48,100.50,7,9483,100.50_101.00_101.50_102.00_102.50_,1262_5322_2268_3418_867_,100.00_99.90_99.80_99.70_99.60_,5536_720_611_629_276_
10:41:58,100.50,16,9500,100.50_101.00_101.50_102.00_102.50_,1248_5323_2268_3418_867_,100.00_99.90_99.80_99.70_99.60_,5538_720_611_629_276_
10:42:09,100.00,6,9511,100.50_101.00_101.50_102.00_102.50_,1239_5323_2268_3418_867_,100.00_99.90_99.80_99.70_99.60_,5532_720_611_629_276_
10:42:50,100.50,4,9530,100.50_101.00_101.50_102.00_102.50_,1233_5310_2268_3340_867_,100.00_99.90_99.80_99.70_99.60_,5547_722_612_629_276_
10:43:00,100.50,20,9555,100.50_101.00_101.50_102.00_102.50_,1215_5310_2268_3340_867_,100.00_99.90_99.80_99.70_99.60_,5445_722_612_629_276_
10:43:21,100.50,6,9678,100.50_101.00_101.50_102.00_102.50_,1103_5316_2268_3340_869_,100.00_99.90_99.80_99.70_99.60_,5444_722_613_629_276_
10:43:36,100.50,3,9690,100.50_101.00_101.50_102.00_102.50_,1094_5315_2268_3342_869_,100.00_99.90_99.80_99.70_99.60_,5459_722_613_629_276_
10:43:46,100.50,5,9698,100.50_101.00_101.50_102.00_102.50_,1090_5314_2268_3343_869_,100.00_99.90_99.80_99.70_99.60_,5462_722_681_561_276_
10:43:56,100.50,6,9710,100.50_101.00_101.50_102.00_102.50_,1085_5309_2268_3346_869_,100.00_99.90_99.80_99.70_99.60_,5458_723_681_561_276_
10:44:07,100.50,5,9716,100.50_101.00_101.50_102.00_102.50_,1085_5308_2268_3346_869_,100.00_99.90_99.80_99.70_99.60_,5458_723_613_629_276_
10:44:27,100.50,3,9735,100.50_101.00_101.50_102.00_102.50_,1079_5309_2268_3346_869_,100.00_99.90_99.80_99.70_99.60_,5456_724_612_629_275_
10:44:58,100.50,11,9756,100.50_101.00_101.50_102.00_102.50_,1118_5374_2253_3345_869_,100.00_99.90_99.80_99.70_99.60_,5463_724_612_629_276_
10:45:08,100.50,1,9809,100.50_101.00_101.50_102.00_102.50_,1078_5376_2253_3395_869_,100.00_99.90_99.80_99.70_99.60_,5464_723_612_629_276_
10:45:18,100.50,2,9818,100.50_101.00_101.50_102.00_102.50_,1080_5372_2253_3395_869_,100.00_99.90_99.80_99.70_99.60_,5469_723_612_629_275_
10:45:29,100.50,111,9929,100.50_101.00_101.50_102.00_102.50_,969_5373_2254_3395_869_,100.00_99.90_99.80_99.70_99.60_,5472_723_612_629_275_
10:45:39,100.50,5,9938,100.50_101.00_101.50_102.00_102.50_,964_5373_2254_3395_869_,100.00_99.90_99.80_99.70_99.60_,5473_723_612_629_275_
10:45:49,100.50,55,10000,100.50_101.00_101.50_102.00_102.50_,891_5369_2319_3475_869_,100.00_99.90_99.80_99.70_99.60_,5474_723_612_629_274_
10:45:59,100.50,18,10020,100.50_101.00_101.50_102.00_102.50_,908_5370_2319_3475_869_,100.00_99.90_99.80_99.70_99.60_,5483_723_612_629_274_
10:46:30,100.50,16,10137,100.50_101.00_101.50_102.00_102.50_,853_5381_2321_3485_869_,100.00_99.90_99.80_99.70_99.60_,5497_723_680_561_274_
10:46:40,100.50,61,10210,100.50_101.00_101.50_102.00_102.50_,789_5376_2321_3485_869_,100.00_99.90_99.80_99.70_99.60_,5500_724_612_629_274_
10:47:06,100.50,11,10538,100.50_101.00_101.50_102.00_102.50_,480_5403_2323_3485_869_,100.00_99.90_99.80_99.70_99.60_,5405_723_612_629_274_
10:47:16,100.50,180,10749,100.50_101.00_101.50_102.00_102.50_,341_5402_2328_3485_869_,100.00_99.90_99.80_99.70_99.60_,5399_723_612_629_274_
10:47:37,100.50,49,10899,100.50_101.00_101.50_102.00_102.50_,236_5404_2328_3484_869_,100.00_99.90_99.80_99.70_99.60_,5415_723_612_629_274_
10:47:47,100.50,74,11005,100.50_101.00_101.50_102.00_102.50_,8_5419_2330_3484_869_,100.00_99.90_99.80_99.70_99.60_,5416_725_612_629_274_
10:47:57,101.00,6,11023,101.00_101.50_102.00_102.50_103.00_,5451_2379_3487_869_1397_,100.50_100.00_99.90_99.80_99.70_,120_5435_752_612_561_
10:48:07,100.50,5,11031,101.00_101.50_102.00_102.50_103.00_,5455_2379_3489_869_1397_,100.50_100.00_99.90_99.80_99.70_,171_5253_723_612_561_
10:48:28,101.00,6,11041,101.00_101.50_102.00_102.50_103.00_,5456_2385_3490_869_1397_,100.50_100.00_99.90_99.80_99.70_,260_5217_752_613_561_
10:49:50,100.50,1,11082,101.00_101.50_102.00_102.50_103.00_,5604_2398_3497_874_1401_,100.50_100.00_99.90_99.80_99.70_,463_5300_722_613_561_
10:50:00,101.00,7,11098,101.00_101.50_102.00_102.50_103.00_,5605_2394_3497_874_1401_,100.50_100.00_99.90_99.80_99.70_,464_5302_722_613_561_
10:50:10,101.00,2,11100,101.00_101.50_102.00_102.50_103.00_,5608_2395_3497_874_1403_,100.50_100.00_99.90_99.80_99.70_,440_5302_722_613_561_
10:50:20,101.00,4,11105,101.00_101.50_102.00_102.50_103.00_,5619_2402_3498_874_1403_,100.50_100.00_99.90_99.80_99.70_,455_5300_722_613_561_
10:50:36,100.50,2,11109,101.00_101.50_102.00_102.50_103.00_,5613_2403_3497_874_1403_,100.50_100.00_99.90_99.80_99.70_,562_5209_722_613_561_
10:50:46,101.00,7,11117,101.00_101.50_102.00_102.50_103.00_,5606_2409_3498_886_1403_,100.50_100.00_99.90_99.80_99.70_,570_5209_722_613_561_
10:51:06,100.50,2,11126,101.00_101.50_102.00_102.50_103.00_,5560_2341_3510_886_1413_,100.50_100.00_99.90_99.80_99.70_,584_5216_722_613_561_
10:51:17,100.50,1,11132,101.00_101.50_102.00_102.50_103.00_,5563_2341_3511_886_1413_,100.50_100.00_99.90_99.80_99.70_,592_5217_722_613_561_
10:51:37,101.00,1,11133,101.00_101.50_102.00_102.50_103.00_,5406_2347_3512_886_1413_,100.50_100.00_99.90_99.80_99.70_,613_5213_723_613_561_
10:51:47,101.00,5,11138,101.00_101.50_102.00_102.50_103.00_,5442_2334_3512_888_1413_,100.50_100.00_99.90_99.80_99.70_,624_5226_723_613_561_
10:52:08,100.50,10,11149,101.00_101.50_102.00_102.50_103.00_,5453_2331_3523_889_1414_,100.50_100.00_99.90_99.80_99.70_,650_5221_723_613_560_
10:52:18,100.50,1,11151,101.00_101.50_102.00_102.50_103.00_,5452_2341_3523_889_1414_,100.50_100.00_99.90_99.80_99.70_,651_5225_723_613_560_
10:53:10,100.50,4,11163,101.00_101.50_102.00_102.50_103.00_,5485_2351_3528_890_1414_,100.50_100.00_99.90_99.80_99.70_,710_5230_723_613_560_
10:53:20,100.50,3,11167,101.00_101.50_102.00_102.50_103.00_,5488_2356_3529_890_1414_,100.50_100.00_99.90_99.80_99.70_,709_5229_723_613_560_
10:53:30,100.50,3,11171,101.00_101.50_102.00_102.50_103.00_,5487_2355_3530_891_1414_,100.50_100.00_99.90_99.80_99.70_,706_5244_723_613_560_
10:53:40,100.50,11,11183,101.00_101.50_102.00_102.50_103.00_,5488_2355_3530_891_1414_,100.50_100.00_99.90_99.80_99.70_,705_5243_723_613_560_
10:54:06,100.50,1,11190,101.00_101.50_102.00_102.50_103.00_,5550_2415_3530_891_1415_,100.50_100.00_99.90_99.80_99.70_,714_5243_724_613_560_
10:54:26,100.50,2,11201,101.00_101.50_102.00_102.50_103.00_,5559_2416_3532_890_1416_,100.50_100.00_99.90_99.80_99.70_,710_5221_753_613_560_
10:54:37,100.50,2,11204,101.00_101.50_102.00_102.50_103.00_,5560_2416_3532_890_1416_,100.50_100.00_99.90_99.80_99.70_,715_5222_753_613_559_
10:54:47,100.50,3,11209,101.00_101.50_102.00_102.50_103.00_,5564_2417_3534_890_1416_,100.50_100.00_99.90_99.80_99.70_,724_5225_753_612_559_
10:54:57,100.50,2,11215,101.00_101.50_102.00_102.50_103.00_,5569_2419_3533_890_1416_,100.50_100.00_99.90_99.80_99.70_,721_5225_753_612_559_
10:55:07,100.50,1,11220,101.00_101.50_102.00_102.50_103.00_,5571_2419_3534_890_1416_,100.50_100.00_99.90_99.80_99.70_,729_5232_753_612_559_
10:55:18,100.50,1,11220,101.00_101.50_102.00_102.50_103.00_,5572_2419_3534_892_1416_,100.50_100.00_99.90_99.80_99.70_,742_5230_724_612_559_
10:55:28,100.50,2,11224,101.00_101.50_102.00_102.50_103.00_,5573_2419_3534_892_1416_,100.50_100.00_99.90_99.80_99.70_,747_5202_753_612_559_
10:55:48,100.50,12,11246,101.00_101.50_102.00_102.50_103.00_,5585_2429_3534_892_1417_,100.50_100.00_99.90_99.80_99.70_,734_5195_754_612_559_
10:56:09,100.50,1,11247,101.00_101.50_102.00_102.50_103.00_,5591_2429_3535_891_1417_,100.50_100.00_99.90_99.80_99.70_,748_5199_761_612_558_
10:56:19,100.50,1,11250,101.00_101.50_102.00_102.50_103.00_,5594_2429_3535_891_1417_,100.50_100.00_99.90_99.80_99.70_,747_5202_761_612_558_
10:56:39,100.50,2,11275,101.00_101.50_102.00_102.50_103.00_,5590_2435_3536_891_1418_,100.50_100.00_99.90_99.80_99.70_,764_5211_761_612_558_
10:57:00,100.50,1,11288,101.00_101.50_102.00_102.50_103.00_,5590_2439_3538_891_1420_,100.50_100.00_99.90_99.80_99.70_,739_5222_761_612_558_
10:57:10,100.50,2,11292,101.00_101.50_102.00_102.50_103.00_,5591_2439_3538_891_1420_,100.50_100.00_99.90_99.80_99.70_,750_5231_761_612_558_
10:57:31,100.50,3,11301,101.00_101.50_102.00_102.50_103.00_,5605_2439_3538_891_1420_,100.50_100.00_99.90_99.80_99.70_,760_5236_761_611_558_
10:57:36,100.50,2,11303,101.00_101.50_102.00_102.50_103.00_,5607_2439_3538_891_1420_,100.50_100.00_99.90_99.80_99.70_,758_5236_761_611_558_
10:57:56,100.50,1,11319,101.00_101.50_102.00_102.50_103.00_,5618_2439_3539_892_1420_,100.50_100.00_99.90_99.80_99.70_,793_5239_761_611_558_
10:58:06,100.50,3,11323,101.00_101.50_102.00_102.50_103.00_,5616_2439_3539_892_1420_,100.50_100.00_99.90_99.80_99.70_,792_5239_763_611_558_
10:58:37,100.50,2,11342,101.00_101.50_102.00_102.50_103.00_,5635_2445_3539_892_1420_,100.50_100.00_99.90_99.80_99.70_,800_5242_764_611_558_
10:59:28,101.00,5,11391,101.00_101.50_102.00_102.50_103.00_,5588_2442_3539_891_1421_,100.50_100.00_99.90_99.80_99.70_,797_5248_764_611_558_
10:59:38,100.50,2,11397,101.00_101.50_102.00_102.50_103.00_,5594_2442_3539_891_1421_,100.50_100.00_99.90_99.80_99.70_,796_5250_764_611_558_
10:59:59,100.50,32,11445,101.00_101.50_102.00_102.50_103.00_,5592_2442_3541_891_1421_,100.50_100.00_99.90_99.80_99.70_,755_5251_764_611_558_
11:00:09,100.50,2,11453,101.00_101.50_102.00_102.50_103.00_,5592_2442_3542_891_1421_,100.50_100.00_99.90_99.80_99.70_,761_5241_764_611_558_
11:00:30,100.50,5,11473,101.00_101.50_102.00_102.50_103.00_,5603_2449_3542_891_1421_,100.50_100.00_99.90_99.80_99.70_,763_5241_764_611_558_
11:00:40,100.50,3,11486,101.00_101.50_102.00_102.50_103.00_,5704_2449_3543_891_1479_,100.50_100.00_99.90_99.80_99.70_,762_5242_764_611_558_
11:00:50,100.50,3,11495,101.00_101.50_102.00_102.50_103.00_,5705_2453_3544_891_1480_,100.50_100.00_99.90_99.80_99.70_,761_5241_764_611_558_
11:01:00,100.50,5,11508,101.00_101.50_102.00_102.50_103.00_,5707_2453_3545_891_1480_,100.50_100.00_99.90_99.80_99.70_,733_5241_765_611_558_
11:01:06,100.50,3,11511,101.00_101.50_102.00_102.50_103.00_,5708_2453_3546_891_1480_,100.50_100.00_99.90_99.80_99.70_,733_5243_765_611_558_
11:01:16,100.50,6,11519,101.00_101.50_102.00_102.50_103.00_,5707_2454_3551_891_1480_,100.50_100.00_99.90_99.80_99.70_,728_5245_765_611_558_
11:01:26,100.50,5,11524,101.00_101.50_102.00_102.50_103.00_,5713_2450_3551_891_1480_,100.50_100.00_99.90_99.80_99.70_,731_5244_765_611_558_
11:01:47,100.50,1,11535,101.00_101.50_102.00_102.50_103.00_,5712_2445_3561_891_1480_,100.50_100.00_99.90_99.80_99.70_,722_5244_766_611_558_
11:01:57,101.00,5,11542,101.00_101.50_102.00_102.50_103.00_,5728_2449_3561_891_1481_,100.50_100.00_99.90_99.80_99.70_,716_5244_766_611_558_
11:02:07,100.50,5,11549,101.00_101.50_102.00_102.50_103.00_,5730_2454_3561_891_1482_,100.50_100.00_99.90_99.80_99.70_,715_5244_766_611_558_
11:02:17,100.50,4,11556,101.00_101.50_102.00_102.50_103.00_,5731_2449_3561_891_1482_,100.50_100.00_99.90_99.80_99.70_,710_5244_766_611_558_
11:02:27,100.50,3,11567,101.00_101.50_102.00_102.50_103.00_,5741_2451_3562_891_1482_,100.50_100.00_99.90_99.80_99.70_,710_5246_766_611_558_
11:02:38,100.50,5,11579,101.00_101.50_102.00_102.50_103.00_,5774_2451_3562_891_1482_,100.50_100.00_99.90_99.80_99.70_,700_5248_737_640_558_
11:02:48,100.50,6,11585,101.00_101.50_102.00_102.50_103.00_,5775_2451_3562_891_1482_,100.50_100.00_99.90_99.80_99.70_,698_5249_737_640_558_
11:03:19,100.50,6,11599,101.00_101.50_102.00_102.50_103.00_,5788_2453_3562_893_1482_,100.50_100.00_99.90_99.80_99.70_,1719_5279_739_611_558_
11:03:29,100.50,1,11601,101.00_101.50_102.00_102.50_103.00_,5787_2453_3562_893_1482_,100.50_100.00_99.90_99.80_99.70_,724_5250_767_611_558_
11:03:40,100.50,1,11603,101.00_101.50_102.00_102.50_103.00_,5792_2452_3562_893_1484_,100.50_100.00_99.90_99.80_99.70_,723_5253_767_611_558_
11:03:50,100.50,4,11607,101.00_101.50_102.00_102.50_103.00_,5804_2453_3562_893_1484_,100.50_100.00_99.90_99.80_99.70_,722_5252_767_611_558_
11:04:00,100.50,4,11607,101.00_101.50_102.00_102.50_103.00_,5805_2453_3562_894_1484_,100.50_100.00_99.90_99.80_99.70_,729_5251_767_611_558_
11:04:10,100.50,4,11607,101.00_101.50_102.00_102.50_103.00_,5813_2453_3562_894_1484_,100.50_100.00_99.90_99.80_99.70_,732_5251_767_611_558_
11:04:21,100.50,8,11618,101.00_101.50_102.00_102.50_103.00_,5816_2453_3562_894_1484_,100.50_100.00_99.90_99.80_99.70_,722_5251_767_611_558_
11:04:26,100.50,2,11620,101.00_101.50_102.00_102.50_103.00_,5816_2465_3562_893_1484_,100.50_100.00_99.90_99.80_99.70_,728_5251_767_611_558_
11:04:41,100.50,2,11639,101.00_101.50_102.00_102.50_103.00_,5849_2505_3612_893_1484_,100.50_100.00_99.90_99.80_99.70_,714_5256_767_611_558_
11:04:46,100.50,4,11643,101.00_101.50_102.00_102.50_103.00_,5853_2501_3612_893_1484_,100.50_100.00_99.90_99.80_99.70_,711_5266_767_611_558_
11:05:07,100.50,4,11656,101.00_101.50_102.00_102.50_103.00_,5852_2503_3612_894_1484_,100.50_100.00_99.90_99.80_99.70_,705_5267_767_611_558_
11:05:22,100.50,9,11691,101.00_101.50_102.00_102.50_103.00_,5857_2503_3612_894_1484_,100.50_100.00_99.90_99.80_99.70_,675_5266_767_611_558_
11:05:27,100.50,5,11696,101.00_101.50_102.00_102.50_103.00_,5858_2503_3612_894_1484_,100.50_100.00_99.90_99.80_99.70_,681_5266_767_611_558_
11:05:37,100.50,3,11703,101.00_101.50_102.00_102.50_103.00_,5860_2503_3612_894_1484_,100.50_100.00_99.90_99.80_99.70_,680_5268_768_611_558_
11:05:48,100.50,3,11711,101.00_101.50_102.00_102.50_103.00_,5858_2508_3612_894_1484_,100.50_100.00_99.90_99.80_99.70_,684_5268_768_611_558_
11:05:58,100.50,6,11723,101.00_101.50_102.00_102.50_103.00_,5861_2508_3612_894_1484_,100.50_100.00_99.90_99.80_99.70_,679_5269_768_611_558_
11:06:08,100.50,3,11730,101.00_101.50_102.00_102.50_103.00_,5864_2508_3613_895_1484_,100.50_100.00_99.90_99.80_99.70_,657_5269_768_611_558_
11:06:49,100.50,21,11772,101.00_101.50_102.00_102.50_103.00_,5873_2508_3614_895_1484_,100.50_100.00_99.90_99.80_99.70_,625_5285_768_611_558_
11:07:20,100.50,1,11795,101.00_101.50_102.00_102.50_103.00_,5876_2504_3615_897_1483_,100.50_100.00_99.90_99.80_99.70_,796_5289_768_611_558_
11:07:40,100.50,1,11803,101.00_101.50_102.00_102.50_103.00_,5884_2505_3616_897_1483_,100.50_100.00_99.90_99.80_99.70_,807_5292_768_610_558_
11:07:50,100.50,1,11803,101.00_101.50_102.00_102.50_103.00_,5887_2506_3615_897_1483_,100.50_100.00_99.90_99.80_99.70_,811_5294_768_610_558_
11:08:01,101.00,5,11808,101.00_101.50_102.00_102.50_103.00_,5886_2506_3615_897_1483_,100.50_100.00_99.90_99.80_99.70_,820_5300_768_610_558_
11:08:11,101.00,5,11808,101.00_101.50_102.00_102.50_103.00_,5899_2507_3615_897_1483_,100.50_100.00_99.90_99.80_99.70_,825_5314_769_610_558_
11:08:21,101.00,5,11808,101.00_101.50_102.00_102.50_103.00_,5898_2507_3615_897_1483_,100.50_100.00_99.90_99.80_99.70_,859_5315_769_610_558_
11:08:36,100.50,1,11811,101.00_101.50_102.00_102.50_103.00_,5905_2507_3615_897_1483_,100.50_100.00_99.90_99.80_99.70_,868_5315_770_610_558_
11:08:47,101.00,1,11812,101.00_101.50_102.00_102.50_103.00_,5924_2508_3616_897_1483_,100.50_100.00_99.90_99.80_99.70_,872_5317_770_610_558_
11:08:57,100.50,1,11819,101.00_101.50_102.00_102.50_103.00_,5926_2509_3619_897_1483_,100.50_100.00_99.90_99.80_99.70_,868_5324_770_610_558_
11:09:07,100.50,1,11821,101.00_101.50_102.00_102.50_103.00_,5930_2510_3620_897_1485_,100.50_100.00_99.90_99.80_99.70_,869_5334_770_611_558_
11:09:17,100.50,2,11823,101.00_101.50_102.00_102.50_103.00_,5937_2512_3623_897_1485_,100.50_100.00_99.90_99.80_99.70_,876_5334_770_611_558_
11:09:28,101.00,5,11829,101.00_101.50_102.00_102.50_103.00_,5935_2522_3626_897_1485_,100.50_100.00_99.90_99.80_99.70_,875_5333_770_611_558_
11:09:58,101.00,5,11848,101.00_101.50_102.00_102.50_103.00_,5960_2524_3627_899_1486_,100.50_100.00_99.90_99.80_99.70_,865_5344_770_611_558_
11:10:08,101.00,1,11850,101.00_101.50_102.00_102.50_103.00_,5971_2524_3617_899_1486_,100.50_100.00_99.90_99.80_99.70_,874_5344_770_611_558_
11:10:49,100.50,2,11866,101.00_101.50_102.00_102.50_103.00_,5973_2532_3618_899_1486_,100.50_100.00_99.90_99.80_99.70_,896_5343_751_611_558_
11:11:10,101.00,2,11873,101.00_101.50_102.00_102.50_103.00_,5968_2533_3620_899_1486_,100.50_100.00_99.90_99.80_99.70_,911_5342_751_611_558_
11:11:30,100.50,1,11874,101.00_101.50_102.00_102.50_103.00_,5994_2528_3622_899_1493_,100.50_100.00_99.90_99.80_99.70_,917_5342_751_611_558_
11:11:36,100.50,3,11877,101.00_101.50_102.00_102.50_103.00_,5997_2528_3622_899_1493_,100.50_100.00_99.90_99.80_99.70_,916_5342_751_611_558_
11:11:46,101.00,1,11878,101.00_101.50_102.00_102.50_103.00_,5998_2528_3621_899_1493_,100.50_100.00_99.90_99.80_99.70_,924_5340_751_611_558_
11:11:56,100.50,1,11886,101.00_101.50_102.00_102.50_103.00_,5996_2529_3621_899_1493_,100.50_100.00_99.90_99.80_99.70_,923_5340_751_611_558_
11:12:06,100.50,2,11888,101.00_101.50_102.00_102.50_103.00_,5996_2529_3621_899_1493_,100.50_100.00_99.90_99.80_99.70_,925_5340_751_611_558_
11:12:37,100.50,2,11891,101.00_101.50_102.00_102.50_103.00_,6041_2530_3619_899_1493_,100.50_100.00_99.90_99.80_99.70_,931_5339_751_611_558_
11:12:47,100.50,6,11897,101.00_101.50_102.00_102.50_103.00_,6043_2531_3619_899_1493_,100.50_100.00_99.90_99.80_99.70_,931_5339_752_611_558_
11:12:58,101.00,2,11899,101.00_101.50_102.00_102.50_103.00_,6046_2532_3619_899_1493_,100.50_100.00_99.90_99.80_99.70_,934_5340_752_611_558_
11:13:18,101.00,9,11911,101.00_101.50_102.00_102.50_103.00_,6042_2532_3620_899_1493_,100.50_100.00_99.90_99.80_99.70_,947_5342_751_611_558_
11:13:28,100.50,4,12505,101.00_101.50_102.00_102.50_103.00_,6057_2538_3624_899_1493_,100.50_100.00_99.90_99.80_99.70_,398_5345_751_611_558_
11:13:39,100.50,3,12580,101.00_101.50_102.00_102.50_103.00_,6025_2541_3625_899_1493_,100.50_100.00_99.90_99.80_99.70_,344_5341_751_611_558_
11:13:49,100.50,2,12583,101.00_101.50_102.00_102.50_103.00_,6027_2541_3627_899_1493_,100.50_100.00_99.90_99.80_99.70_,356_5336_751_611_558_
11:13:59,100.50,6,12623,101.00_101.50_102.00_102.50_103.00_,6044_2541_3627_899_1493_,100.50_100.00_99.90_99.80_99.70_,319_5351_751_611_558_
11:14:20,100.50,2,12634,101.00_101.50_102.00_102.50_103.00_,6043_2542_3552_900_1494_,100.50_100.00_99.90_99.80_99.70_,304_5352_751_611_558_
11:14:40,100.50,3,12721,101.00_101.50_102.00_102.50_103.00_,6045_2537_3553_900_1494_,100.50_100.00_99.90_99.80_99.70_,268_5349_751_611_558_
11:14:50,100.50,3,12731,101.00_101.50_102.00_102.50_103.00_,6049_2537_3553_900_1494_,100.50_100.00_99.90_99.80_99.70_,262_5351_722_640_558_
11:15:01,100.50,1,12733,101.00_101.50_102.00_102.50_103.00_,6090_2508_3553_900_1495_,100.50_100.00_99.90_99.80_99.70_,277_5359_722_640_558_
11:15:06,100.50,1,12734,101.00_101.50_102.00_102.50_103.00_,6091_2508_3553_900_1495_,100.50_100.00_99.90_99.80_99.70_,277_5352_722_611_587_
11:15:16,100.50,5,12741,101.00_101.50_102.00_102.50_103.00_,6089_2508_3553_900_1495_,100.50_100.00_99.90_99.80_99.70_,275_5352_723_640_558_
11:15:26,100.50,104,12927,101.00_101.50_102.00_102.50_103.00_,6089_2513_3553_900_1495_,100.50_100.00_99.90_99.80_99.70_,98_5351_723_611_587_
11:15:37,100.00,72,13111,100.50_101.00_101.50_102.00_102.50_,149_6036_2450_3546_900_,100.00_99.90_99.80_99.70_99.60_,5251_724_611_655_282_
11:15:47,100.00,34,13184,100.50_101.00_101.50_102.00_102.50_,178_6028_2450_3546_892_,100.00_99.90_99.80_99.70_99.60_,5185_724_680_558_311_
11:15:57,100.50,2,13191,100.50_101.00_101.50_102.00_102.50_,218_6005_2444_3546_892_,100.00_99.90_99.80_99.70_99.60_,5216_724_611_626_282_
11:16:07,100.50,3,13196,100.50_101.00_101.50_102.00_102.50_,224_6000_2443_3547_892_,100.00_99.90_99.80_99.70_99.60_,5718_724_611_626_311_
11:16:18,100.50,6,13202,100.50_101.00_101.50_102.00_102.50_,230_6001_2459_3531_892_,100.00_99.90_99.80_99.70_99.60_,5718_724_611_626_311_
11:16:28,100.00,1,13209,100.50_101.00_101.50_102.00_102.50_,224_6001_2459_3531_892_,100.00_99.90_99.80_99.70_99.60_,5722_724_680_558_311_
11:16:38,100.50,11,13221,100.50_101.00_101.50_102.00_102.50_,236_5989_2459_3531_892_,100.00_99.90_99.80_99.70_99.60_,5723_725_680_558_311_
11:16:48,100.00,1,13225,100.50_101.00_101.50_102.00_102.50_,234_5999_2456_3531_892_,100.00_99.90_99.80_99.70_99.60_,5723_726_611_655_282_
11:17:09,100.50,1,13228,100.50_101.00_101.50_102.00_102.50_,235_5995_2456_3531_892_,100.00_99.90_99.80_99.70_99.60_,5733_725_611_655_282_
11:17:50,100.50,1,13242,100.50_101.00_101.50_102.00_102.50_,253_6017_2459_3527_882_,100.00_99.90_99.80_99.70_99.60_,5752_726_610_655_282_
11:18:10,100.50,3,13258,100.50_101.00_101.50_102.00_102.50_,263_6113_2460_3527_882_,100.00_99.90_99.80_99.70_99.60_,5679_726_679_587_283_
11:18:31,100.50,1,13263,100.50_101.00_101.50_102.00_102.50_,265_6151_2463_3527_882_,100.00_99.90_99.80_99.70_99.60_,5682_726_610_655_283_
11:18:46,100.50,1,13268,100.50_101.00_101.50_102.00_102.50_,282_6153_2463_3528_882_,100.00_99.90_99.80_99.70_99.60_,5714_725_610_655_282_
11:19:06,100.50,4,13275,100.50_101.00_101.50_102.00_102.50_,345_6150_2464_3528_882_,100.00_99.90_99.80_99.70_99.60_,5713_725_610_655_282_
11:19:17,100.50,2,13280,100.50_101.00_101.50_102.00_102.50_,347_6147_2465_3528_882_,100.00_99.90_99.80_99.70_99.60_,5711_725_610_655_282_
11:19:27,100.50,6,13292,100.50_101.00_101.50_102.00_102.50_,348_6147_2465_3528_882_,100.00_99.90_99.80_99.70_99.60_,5711_758_610_655_282_
11:19:47,100.50,3,13303,100.50_101.00_101.50_102.00_102.50_,364_6149_2465_3528_882_,100.00_99.90_99.80_99.70_99.60_,5717_758_610_655_281_
11:19:57,100.00,3,13307,100.50_101.00_101.50_102.00_102.50_,364_6152_2463_3528_882_,100.00_99.90_99.80_99.70_99.60_,5722_759_610_655_281_
11:20:08,100.50,7,13316,100.50_101.00_101.50_102.00_102.50_,354_6153_2463_3528_882_,100.00_99.90_99.80_99.70_99.60_,5727_759_610_655_282_
11:20:38,100.50,3,13323,100.50_101.00_101.50_102.00_102.50_,383_6150_2465_3528_882_,100.00_99.90_99.80_99.70_99.60_,5734_759_610_655_280_
11:20:49,100.50,2,13326,100.50_101.00_101.50_102.00_102.50_,424_6155_2465_3528_882_,100.00_99.90_99.80_99.70_99.60_,5734_759_610_655_280_
11:20:59,100.50,13,13344,100.50_101.00_101.50_102.00_102.50_,431_6155_2465_3528_882_,100.00_99.90_99.80_99.70_99.60_,5730_759_679_558_309_
11:21:09,100.50,4,13350,100.50_101.00_101.50_102.00_102.50_,483_6156_2465_3528_882_,100.00_99.90_99.80_99.70_99.60_,5729_759_679_587_280_
11:21:19,100.50,2,13355,100.50_101.00_101.50_102.00_102.50_,489_6153_2465_3528_882_,100.00_99.90_99.80_99.70_99.60_,5729_759_611_626_309_
11:21:30,100.50,2,13357,100.50_101.00_101.50_102.00_102.50_,509_6153_2465_3528_882_,100.00_99.90_99.80_99.70_99.60_,5732_759_611_626_309_
11:21:50,100.50,1,13407,100.50_101.00_101.50_102.00_102.50_,536_6143_2465_3529_882_,100.00_99.90_99.80_99.70_99.60_,5756_759_610_627_309_
11:22:00,100.50,3,13413,100.50_101.00_101.50_102.00_102.50_,538_6144_2475_3529_882_,100.00_99.90_99.80_99.70_99.60_,5757_759_610_627_309_
11:22:36,100.50,9,13437,100.50_101.00_101.50_102.00_102.50_,519_6148_2475_3531_882_,100.00_99.90_99.80_99.70_99.60_,5786_740_611_655_280_
11:23:07,100.50,9,13479,100.50_101.00_101.50_102.00_102.50_,505_6191_2475_3531_882_,100.00_99.90_99.80_99.70_99.60_,5795_740_611_655_279_
11:23:28,100.50,1,13483,100.50_101.00_101.50_102.00_102.50_,514_6193_2475_3531_884_,100.00_99.90_99.80_99.70_99.60_,5810_740_611_655_279_
11:23:48,100.50,2,13545,100.50_101.00_101.50_102.00_102.50_,466_6198_2476_3533_884_,100.00_99.90_99.80_99.70_99.60_,5817_739_609_655_279_
11:24:39,100.50,3,13569,100.50_101.00_101.50_102.00_102.50_,411_6236_2477_3535_884_,100.00_99.90_99.80_99.70_99.60_,5861_748_607_655_279_
11:25:00,100.50,1,13576,100.50_101.00_101.50_102.00_102.50_,428_6214_2477_3535_884_,100.00_99.90_99.80_99.70_99.60_,5863_749_607_655_279_
11:25:20,100.50,4,13588,100.50_101.00_101.50_102.00_102.50_,428_6217_2477_3536_884_,100.00_99.90_99.80_99.70_99.60_,5883_749_607_655_279_
11:25:26,100.00,11,13599,100.50_101.00_101.50_102.00_102.50_,433_6218_2477_3536_884_,100.00_99.90_99.80_99.70_99.60_,5858_749_607_655_279_
11:26:12,100.50,3,13631,100.50_101.00_101.50_102.00_102.50_,435_6215_2477_3536_884_,100.00_99.90_99.80_99.70_99.60_,5846_749_607_655_279_
11:26:17,100.50,1,13632,100.50_101.00_101.50_102.00_102.50_,434_6214_2477_3536_884_,100.00_99.90_99.80_99.70_99.60_,5846_749_607_655_279_
11:26:27,100.50,5,13640,100.50_101.00_101.50_102.00_102.50_,429_6214_2477_3536_884_,100.00_99.90_99.80_99.70_99.60_,5840_749_607_655_279_
11:26:48,100.50,2,13672,100.50_101.00_101.50_102.00_102.50_,414_6203_2477_3536_884_,100.00_99.90_99.80_99.70_99.60_,5840_749_607_655_279_
11:27:49,100.50,3,13738,100.50_101.00_101.50_102.00_102.50_,432_6205_2478_3537_884_,100.00_99.90_99.80_99.70_99.60_,5841_751_607_625_309_
11:28:09,100.50,3,13751,100.50_101.00_101.50_102.00_102.50_,437_6206_2478_3537_884_,100.00_99.90_99.80_99.70_99.60_,5894_750_607_654_280_
11:29:01,100.50,5,13803,100.50_101.00_101.50_102.00_102.50_,406_6211_2478_3542_884_,100.00_99.90_99.80_99.70_99.60_,5894_751_607_654_279_
11:29:21,100.50,4,13821,100.50_101.00_101.50_102.00_102.50_,390_6213_2477_3542_884_,100.00_99.90_99.80_99.70_99.60_,5893_752_674_587_279_
11:29:37,100.50,3,13829,100.50_101.00_101.50_102.00_102.50_,399_6214_2477_3542_884_,100.00_99.90_99.80_99.70_99.60_,5898_753_607_654_279_
11:29:47,100.50,12,13841,100.50_101.00_101.50_102.00_102.50_,390_6226_2477_3545_884_,100.00_99.90_99.80_99.70_99.60_,5898_753_607_654_280_
11:29:57,100.50,5,13849,100.50_101.00_101.50_102.00_102.50_,390_6221_2477_3545_884_,100.00_99.90_99.80_99.70_99.60_,5892_755_607_654_280_
11:30:07,100.50,2,13853,100.50_101.00_101.50_102.00_102.50_,449_6171_2477_3546_884_,100.00_99.90_99.80_99.70_99.60_,5896_755_607_654_280_
11:30:28,100.50,6,13865,100.50_101.00_101.50_102.00_102.50_,442_6172_2477_3546_884_,100.00_99.90_99.80_99.70_99.60_,5897_755_606_625_308_
11:30:59,100.50,12,13886,100.50_101.00_101.50_102.00_102.50_,423_6171_2477_3546_884_,100.00_99.90_99.80_99.70_99.60_,5916_756_606_654_279_
11:31:09,100.50,1,13887,100.50_101.00_101.50_102.00_102.50_,424_6171_2477_3546_884_,100.00_99.90_99.80_99.70_99.60_,5929_756_606_654_279_
11:31:29,100.50,17,13913,100.50_101.00_101.50_102.00_102.50_,400_6176_2477_3546_884_,100.00_99.90_99.80_99.70_99.60_,5923_758_605_654_279_
11:31:40,100.50,1,13921,100.50_101.00_101.50_102.00_102.50_,392_6177_2478_3546_884_,100.00_99.90_99.80_99.70_99.60_,5923_758_605_654_279_
11:32:00,100.50,1,13936,100.50_101.00_101.50_102.00_102.50_,387_6172_2478_3546_884_,100.00_99.90_99.80_99.70_99.60_,5920_758_605_654_279_
11:32:10,100.50,1,13938,100.50_101.00_101.50_102.00_102.50_,382_6172_2478_3547_884_,100.00_99.90_99.80_99.70_99.60_,5920_758_605_654_279_
11:32:21,100.50,2,13940,100.50_101.00_101.50_102.00_102.50_,381_6172_2478_3547_884_,100.00_99.90_99.80_99.70_99.60_,5927_758_605_654_279_
11:32:51,100.00,6,13963,100.50_101.00_101.50_102.00_102.50_,373_6177_2478_3546_884_,100.00_99.90_99.80_99.70_99.60_,5938_758_605_654_279_
11:33:17,100.50,1,13973,100.50_101.00_101.50_102.00_102.50_,376_6179_2478_3546_884_,100.00_99.90_99.80_99.70_99.60_,5941_758_605_654_279_
11:33:27,100.00,5,13981,100.50_101.00_101.50_102.00_102.50_,374_6174_2478_3546_884_,100.00_99.90_99.80_99.70_99.60_,5940_758_605_654_279_
11:33:37,100.50,1,13982,100.50_101.00_101.50_102.00_102.50_,374_6175_2478_3547_884_,100.00_99.90_99.80_99.70_99.60_,5940_759_605_654_279_
11:33:48,100.50,1,13985,100.50_101.00_101.50_102.00_102.50_,378_6176_2478_3547_884_,100.00_99.90_99.80_99.70_99.60_,5940_759_606_654_279_
11:33:58,100.50,1,13990,100.50_101.00_101.50_102.00_102.50_,379_6177_2478_3547_884_,100.00_99.90_99.80_99.70_99.60_,5946_759_606_625_308_
11:34:18,100.50,2,13998,100.50_101.00_101.50_102.00_102.50_,375_6176_2478_3550_884_,100.00_99.90_99.80_99.70_99.60_,5945_760_606_625_308_
11:34:29,100.50,6,14008,100.50_101.00_101.50_102.00_102.50_,385_6176_2478_3550_884_,100.00_99.90_99.80_99.70_99.60_,5940_760_606_625_308_
11:34:39,100.50,1,14012,100.50_101.00_101.50_102.00_102.50_,381_6180_2479_3550_884_,100.00_99.90_99.80_99.70_99.60_,5941_760_606_625_308_
11:35:30,100.50,1,14047,100.50_101.00_101.50_102.00_102.50_,891_5679_2500_3550_884_,100.00_99.90_99.80_99.70_99.60_,5943_760_606_625_279_
11:35:35,100.50,16,14063,100.50_101.00_101.50_102.00_102.50_,877_5688_2500_3550_884_,100.00_99.90_99.80_99.70_99.60_,5449_760_606_625_773_
11:35:56,100.50,3,14076,100.50_101.00_101.50_102.00_102.50_,875_5690_2499_3550_884_,100.00_99.90_99.80_99.70_99.60_,5446_760_606_625_773_
11:36:27,100.50,1,14090,100.50_101.00_101.50_102.00_102.50_,865_5724_2499_3550_884_,100.00_99.90_99.80_99.70_99.60_,5454_760_607_625_802_
11:36:37,100.50,1,14096,100.50_101.00_101.50_102.00_102.50_,911_5672_2499_3550_884_,100.00_99.90_99.80_99.70_99.60_,5455_761_607_625_802_
11:37:02,100.50,3,14109,100.50_101.00_101.50_102.00_102.50_,909_5666_2499_3549_884_,100.00_99.90_99.80_99.70_99.60_,5466_761_607_625_772_
11:37:38,100.50,4,14136,100.50_101.00_101.50_102.00_102.50_,885_5671_2499_3549_884_,100.00_99.90_99.80_99.70_99.60_,5475_761_607_625_801_
11:38:09,100.50,1,14149,100.50_101.00_101.50_102.00_102.50_,882_5673_2499_3559_885_,100.00_99.90_99.80_99.70_99.60_,5484_761_609_625_802_
11:38:19,100.50,4,14160,100.50_101.00_101.50_102.00_102.50_,896_5650_2499_3559_885_,100.00_99.90_99.80_99.70_99.60_,5486_761_609_625_801_
11:38:50,100.50,5,14184,100.50_101.00_101.50_102.00_102.50_,878_5648_2499_3559_885_,100.00_99.90_99.80_99.70_99.60_,5484_761_610_625_801_
11:39:00,100.50,5,14190,100.50_101.00_101.50_102.00_102.50_,878_5644_2500_3559_885_,100.00_99.90_99.80_99.70_99.60_,5481_762_610_625_801_
11:39:21,100.50,12,14208,100.50_101.00_101.50_102.00_102.50_,870_5645_2500_3559_885_,100.00_99.90_99.80_99.70_99.60_,5476_762_610_625_801_
11:39:51,100.50,1,14218,100.50_101.00_101.50_102.00_102.50_,906_5652_2500_3559_885_,100.00_99.90_99.80_99.70_99.60_,5482_762_610_625_801_
11:40:17,100.50,5,14229,100.50_101.00_101.50_102.00_102.50_,903_5658_2500_3559_885_,100.00_99.90_99.80_99.70_99.60_,5486_762_610_625_802_
11:40:27,100.00,6,14236,100.50_101.00_101.50_102.00_102.50_,907_5658_2500_3559_885_,100.00_99.90_99.80_99.70_99.60_,5480_762_610_625_802_
11:40:42,100.50,1,14240,100.50_101.00_101.50_102.00_102.50_,905_5658_2500_3559_885_,100.00_99.90_99.80_99.70_99.60_,5484_761_609_625_802_
11:40:48,100.50,7,14247,100.50_101.00_101.50_102.00_102.50_,898_5657_2500_3559_885_,100.00_99.90_99.80_99.70_99.60_,5484_761_610_625_802_
11:40:58,100.50,2,14251,100.50_101.00_101.50_102.00_102.50_,895_5657_2500_3559_885_,100.00_99.90_99.80_99.70_99.60_,5483_761_610_625_802_
11:41:08,100.50,2,14254,100.50_101.00_101.50_102.00_102.50_,894_5661_2500_3560_885_,100.00_99.90_99.80_99.70_99.60_,5494_761_610_625_802_
11:41:39,100.50,3,14281,100.50_101.00_101.50_102.00_102.50_,992_5546_2508_3560_885_,100.00_99.90_99.80_99.70_99.60_,5494_762_610_625_802_
11:41:49,100.50,1,14288,100.50_101.00_101.50_102.00_102.50_,990_5556_2508_3560_885_,100.00_99.90_99.80_99.70_99.60_,5515_762_610_625_802_
11:41:59,100.50,5,14293,100.50_101.00_101.50_102.00_102.50_,1039_5556_2508_3560_885_,100.00_99.90_99.80_99.70_99.60_,5516_762_610_625_802_
11:42:09,100.00,1,14299,100.50_101.00_101.50_102.00_102.50_,1041_5554_2508_3560_885_,100.00_99.90_99.80_99.70_99.60_,5492_762_677_558_802_
11:42:30,100.50,2,14316,100.50_101.00_101.50_102.00_102.50_,1046_5558_2508_3560_885_,100.00_99.90_99.80_99.70_99.60_,5490_762_610_625_802_
11:42:51,100.50,4,14323,100.50_101.00_101.50_102.00_102.50_,1066_5570_2508_3560_884_,100.00_99.90_99.80_99.70_99.60_,5491_762_610_626_802_
11:43:01,100.50,1,14324,100.50_101.00_101.50_102.00_102.50_,1073_5567_2508_3560_884_,100.00_99.90_99.80_99.70_99.60_,5494_762_610_626_773_
11:43:06,100.50,3,14327,100.50_101.00_101.50_102.00_102.50_,1071_5567_2508_3560_884_,100.00_99.90_99.80_99.70_99.60_,5484_762_610_626_773_
11:43:16,100.50,5,14333,100.50_101.00_101.50_102.00_102.50_,1066_5569_2508_3560_884_,100.00_99.90_99.80_99.70_99.60_,5485_762_610_625_802_
11:43:47,100.50,1,14349,100.50_101.00_101.50_102.00_102.50_,1055_5575_2509_3560_884_,100.00_99.90_99.80_99.70_99.60_,5480_762_610_625_773_
11:44:07,100.50,2,14358,100.50_101.00_101.50_102.00_102.50_,1043_5565_2509_3560_884_,100.00_99.90_99.80_99.70_99.60_,5229_762_677_558_802_
11:44:28,100.50,5,14372,100.50_101.00_101.50_102.00_102.50_,1039_5561_2510_3560_884_,100.00_99.90_99.80_99.70_99.60_,5228_762_610_625_773_
11:44:59,100.50,2,14385,100.50_101.00_101.50_102.00_102.50_,1030_5566_2506_3560_884_,100.00_99.90_99.80_99.70_99.60_,5244_761_610_626_773_
11:45:19,100.50,5,14398,100.50_101.00_101.50_102.00_102.50_,1034_5566_2506_3560_884_,100.00_99.90_99.80_99.70_99.60_,5247_761_610_625_802_
11:45:50,100.00,1,14416,100.50_101.00_101.50_102.00_102.50_,1023_5574_2505_3560_884_,100.00_99.90_99.80_99.70_99.60_,5250_761_610_626_802_
11:46:00,100.00,1,14418,100.50_101.00_101.50_102.00_102.50_,1026_5576_2500_3560_884_,100.00_99.90_99.80_99.70_99.60_,5238_761_610_626_773_
11:46:10,100.50,7,14427,100.50_101.00_101.50_102.00_102.50_,1020_5578_2500_3560_884_,100.00_99.90_99.80_99.70_99.60_,5105_761_610_626_773_
11:46:16,100.50,3,14430,100.50_101.00_101.50_102.00_102.50_,1019_5578_2500_3560_884_,100.00_99.90_99.80_99.70_99.60_,5105_761_610_626_773_
11:46:36,100.50,1,14437,100.50_101.00_101.50_102.00_102.50_,1017_5577_2500_3560_884_,100.00_99.90_99.80_99.70_99.60_,5078_761_610_626_802_
11:46:46,100.50,2,14449,100.50_101.00_101.50_102.00_102.50_,1008_5578_2500_3560_884_,100.00_99.90_99.80_99.70_99.60_,5082_761_610_625_802_
11:47:07,100.50,3,14454,100.50_101.00_101.50_102.00_102.50_,1005_5586_2500_3560_884_,100.00_99.90_99.80_99.70_99.60_,5576_761_610_625_308_
11:47:17,100.50,1,14464,100.50_101.00_101.50_102.00_102.50_,996_5586_2500_3560_884_,100.00_99.90_99.80_99.70_99.60_,5576_758_611_625_308_
11:47:27,100.00,5,14472,100.50_101.00_101.50_102.00_102.50_,1000_5582_2500_3560_884_,100.00_99.90_99.80_99.70_99.60_,5575_761_611_625_308_
11:48:18,100.50,1,14501,100.50_101.00_101.50_102.00_102.50_,992_5583_2500_3560_884_,100.00_99.90_99.80_99.70_99.60_,5575_761_611_625_309_
11:48:28,100.50,2,14503,100.50_101.00_101.50_102.00_102.50_,992_5583_2500_3561_884_,100.00_99.90_99.80_99.70_99.60_,5576_761_611_625_309_
11:48:49,100.50,5,14516,100.50_101.00_101.50_102.00_102.50_,989_5583_2500_3561_884_,100.00_99.90_99.80_99.70_99.60_,5582_762_611_625_309_
11:49:09,100.50,6,14530,100.50_101.00_101.50_102.00_102.50_,975_5588_2500_3561_884_,100.00_99.90_99.80_99.70_99.60_,5588_762_611_625_309_
11:49:20,100.50,2,14532,100.50_101.00_101.50_102.00_102.50_,536_6082_2500_3561_884_,100.00_99.90_99.80_99.70_99.60_,5587_762_611_654_280_
11:49:30,100.00,1,14536,100.50_101.00_101.50_102.00_102.50_,540_6077_2500_3561_884_,100.00_99.90_99.80_99.70_99.60_,5586_762_611_625_309_
11:49:40,100.50,7,14543,100.50_101.00_101.50_102.00_102.50_,532_6078_2500_3561_884_,100.00_99.90_99.80_99.70_99.60_,5585_762_683_558_309_
11:50:00,100.50,3,14558,100.50_101.00_101.50_102.00_102.50_,521_6087_2500_3561_884_,100.00_99.90_99.80_99.70_99.60_,5587_762_683_558_309_
11:50:11,100.00,1,14563,100.50_101.00_101.50_102.00_102.50_,513_6088_2500_3561_884_,100.00_99.90_99.80_99.70_99.60_,5587_762_616_654_280_
11:50:21,100.50,5,14572,100.50_101.00_101.50_102.00_102.50_,509_6092_2501_3561_884_,100.00_99.90_99.80_99.70_99.60_,5577_762_616_654_282_
11:50:36,100.50,7,14589,100.50_101.00_101.50_102.00_102.50_,494_6092_2501_3561_884_,100.00_99.90_99.80_99.70_99.60_,5571_762_616_625_311_
11:50:57,100.50,3,14597,100.50_101.00_101.50_102.00_102.50_,488_6090_2502_3561_884_,100.00_99.90_99.80_99.70_99.60_,5571_763_616_625_311_
11:51:07,100.50,5,14603,100.50_101.00_101.50_102.00_102.50_,496_6090_2502_3560_884_,100.00_99.90_99.80_99.70_99.60_,5574_763_616_625_311_
11:51:17,100.50,3,14607,100.50_101.00_101.50_102.00_102.50_,494_6090_2502_3561_884_,100.00_99.90_99.80_99.70_99.60_,5573_763_616_625_311_
11:51:28,100.50,6,14614,100.50_101.00_101.50_102.00_102.50_,489_6090_2502_3561_884_,100.00_99.90_99.80_99.70_99.60_,5572_763_616_625_311_
11:51:38,100.50,8,14642,100.50_101.00_101.50_102.00_102.50_,479_6091_2502_3561_884_,100.00_99.90_99.80_99.70_99.60_,5572_763_616_625_311_
11:51:58,100.50,3,14647,100.50_101.00_101.50_102.00_102.50_,476_6098_2502_3561_883_,100.00_99.90_99.80_99.70_99.60_,5572_763_616_625_310_
11:52:09,100.50,3,14657,100.50_101.00_101.50_102.00_102.50_,478_6098_2502_3561_883_,100.00_99.90_99.80_99.70_99.60_,5576_764_616_625_310_
11:52:29,100.50,7,14672,100.50_101.00_101.50_102.00_102.50_,482_6099_2502_3561_883_,100.00_99.90_99.80_99.70_99.60_,5582_764_616_625_310_
11:52:50,100.50,1,14678,100.50_101.00_101.50_102.00_102.50_,481_6100_2502_3561_883_,100.00_99.90_99.80_99.70_99.60_,5583_764_616_625_312_
11:53:00,100.50,12,14702,100.50_101.00_101.50_102.00_102.50_,461_6100_2500_3561_883_,100.00_99.90_99.80_99.70_99.60_,5590_761_616_625_312_
11:53:10,100.50,12,14714,100.50_101.00_101.50_102.00_102.50_,455_6127_2500_3561_883_,100.00_99.90_99.80_99.70_99.60_,5588_763_616_654_283_
11:53:21,100.50,4,14718,100.50_101.00_101.50_102.00_102.50_,452_6131_2500_3561_883_,100.00_99.90_99.80_99.70_99.60_,5588_764_616_654_282_
11:53:31,100.50,2,14721,100.50_101.00_101.50_102.00_102.50_,458_6137_2500_3561_883_,100.00_99.90_99.80_99.70_99.60_,5588_764_616_654_282_
11:53:41,100.00,1,14726,100.50_101.00_101.50_102.00_102.50_,454_6137_2500_3561_883_,100.00_99.90_99.80_99.70_99.60_,5589_764_616_654_282_
11:54:07,100.50,1,14763,100.50_101.00_101.50_102.00_102.50_,436_6143_2500_3561_883_,100.00_99.90_99.80_99.70_99.60_,5589_764_616_654_282_
11:54:17,100.50,4,14767,100.50_101.00_101.50_102.00_102.50_,432_6143_2500_3561_883_,100.00_99.90_99.80_99.70_99.60_,5589_764_616_654_283_
11:54:27,100.50,2,14771,100.50_101.00_101.50_102.00_102.50_,441_6137_2500_3561_883_,100.00_99.90_99.80_99.70_99.60_,5588_764_683_558_312_
11:54:58,100.50,1,14788,100.50_101.00_101.50_102.00_102.50_,454_6120_2500_3566_883_,100.00_99.90_99.80_99.70_99.60_,5592_764_616_625_311_
11:55:08,100.50,8,14800,100.50_101.00_101.50_102.00_102.50_,407_6160_2500_3566_883_,100.00_99.90_99.80_99.70_99.60_,5594_764_616_654_282_
11:55:18,100.50,1,14801,100.50_101.00_101.50_102.00_102.50_,409_6160_2499_3567_883_,100.00_99.90_99.80_99.70_99.60_,5594_766_616_654_282_
11:55:29,100.50,7,14816,100.50_101.00_101.50_102.00_102.50_,401_6154_2500_3567_883_,100.00_99.90_99.80_99.70_99.60_,5590_766_616_654_282_
11:55:59,100.50,5,14837,100.50_101.00_101.50_102.00_102.50_,386_6154_2500_3567_883_,100.00_99.90_99.80_99.70_99.60_,5612_767_616_654_282_
11:56:10,100.50,4,14863,100.50_101.00_101.50_102.00_102.50_,361_6158_2500_3567_883_,100.00_99.90_99.80_99.70_99.60_,5615_768_616_654_282_
11:56:20,100.50,6,14870,100.50_101.00_101.50_102.00_102.50_,355_6158_2500_3567_883_,100.00_99.90_99.80_99.70_99.60_,5616_768_616_654_282_
11:56:30,100.50,8,14879,100.50_101.00_101.50_102.00_102.50_,347_6158_2495_3567_883_,100.00_99.90_99.80_99.70_99.60_,5622_768_616_654_282_
11:56:40,100.50,5,14884,100.50_101.00_101.50_102.00_102.50_,349_6158_2495_3567_883_,100.00_99.90_99.80_99.70_99.60_,5622_768_616_654_282_
11:56:51,100.50,10,14900,100.50_101.00_101.50_102.00_102.50_,332_6158_2495_3567_883_,100.00_99.90_99.80_99.70_99.60_,5626_768_616_654_283_
11:57:01,100.50,11,14915,100.50_101.00_101.50_102.00_102.50_,321_6158_2495_3567_883_,100.00_99.90_99.80_99.70_99.60_,5627_768_683_587_283_
11:57:06,100.50,2,14917,100.50_101.00_101.50_102.00_102.50_,319_6158_2495_3566_883_,100.00_99.90_99.80_99.70_99.60_,5628_768_616_654_283_
11:57:27,100.50,3,14924,100.50_101.00_101.50_102.00_102.50_,322_6163_2493_3566_883_,100.00_99.90_99.80_99.70_99.60_,5631_768_616_654_282_
11:57:37,100.50,1,14931,100.50_101.00_101.50_102.00_102.50_,319_6163_2493_3566_883_,100.00_99.90_99.80_99.70_99.60_,5630_768_616_654_282_
11:57:47,100.50,1,14933,100.50_101.00_101.50_102.00_102.50_,320_6162_2493_3565_883_,100.00_99.90_99.80_99.70_99.60_,5630_768_616_654_282_
11:57:57,100.00,22,14956,100.50_101.00_101.50_102.00_102.50_,325_6160_2493_3565_883_,100.00_99.90_99.80_99.70_99.60_,5615_768_616_654_282_
11:58:18,100.50,1,14967,100.50_101.00_101.50_102.00_102.50_,328_6165_2493_3565_883_,100.00_99.90_99.80_99.70_99.60_,5617_769_616_655_282_
11:58:38,100.50,2,14984,100.50_101.00_101.50_102.00_102.50_,320_6177_2493_3565_883_,100.00_99.90_99.80_99.70_99.60_,5620_769_616_654_282_
11:58:48,100.50,11,15004,100.50_101.00_101.50_102.00_102.50_,316_6181_2498_3565_883_,100.00_99.90_99.80_99.70_99.60_,5610_769_683_558_311_
11:58:59,100.50,7,15012,100.50_101.00_101.50_102.00_102.50_,304_6184_2498_3565_883_,100.00_99.90_99.80_99.70_99.60_,5614_770_616_654_282_
11:59:29,100.50,8,15038,100.50_101.00_101.50_102.00_102.50_,307_6190_2498_3565_883_,100.00_99.90_99.80_99.70_99.60_,5594_770_616_654_283_
11:59:40,100.50,5,15046,100.50_101.00_101.50_102.00_102.50_,303_6192_2498_3565_880_,100.00_99.90_99.80_99.70_99.60_,5623_771_616_654_284_
11:59:50,100.50,5,15053,100.50_101.00_101.50_102.00_102.50_,300_6193_2498_3565_880_,100.00_99.90_99.80_99.70_99.60_,5622_771_616_654_283_
12:00:10,100.50,4,15072,100.50_101.00_101.50_102.00_102.50_,284_6193_2498_3565_880_,100.00_99.90_99.80_99.70_99.60_,5622_771_681_587_282_
12:00:36,100.00,3,15099,100.50_101.00_101.50_102.00_102.50_,266_6200_2499_3565_880_,100.00_99.90_99.80_99.70_99.60_,5636_772_614_654_282_
12:00:46,100.50,4,15103,100.50_101.00_101.50_102.00_102.50_,262_6200_2499_3565_880_,100.00_99.90_99.80_99.70_99.60_,5636_772_614_654_283_
12:02:08,100.50,5,15175,100.50_101.00_101.50_102.00_102.50_,220_6220_2503_3565_880_,100.00_99.90_99.80_99.70_99.60_,5659_771_614_654_282_
12:02:18,100.50,5,15181,100.50_101.00_101.50_102.00_102.50_,230_6220_2503_3565_880_,100.00_99.90_99.80_99.70_99.60_,5655_771_681_558_311_
12:02:39,100.50,1,15198,100.50_101.00_101.50_102.00_102.50_,229_6217_2502_3565_880_,100.00_99.90_99.80_99.70_99.60_,5655_772_614_625_311_
12:02:49,100.50,2,15201,100.50_101.00_101.50_102.00_102.50_,228_6232_2502_3565_880_,100.00_99.90_99.80_99.70_99.60_,5667_773_614_654_281_
12:03:00,100.50,6,15214,100.50_101.00_101.50_102.00_102.50_,215_6232_2502_3565_880_,100.00_99.90_99.80_99.70_99.60_,5669_773_614_654_281_
12:03:10,100.50,3,15220,100.50_101.00_101.50_102.00_102.50_,213_6232_2502_3566_880_,100.00_99.90_99.80_99.70_99.60_,5670_773_681_587_281_
12:03:20,100.50,1,15222,100.50_101.00_101.50_102.00_102.50_,213_6232_2502_3566_880_,100.00_99.90_99.80_99.70_99.60_,5673_773_614_654_281_
12:03:30,100.50,3,15229,100.50_101.00_101.50_102.00_102.50_,208_6233_2502_3566_880_,100.00_99.90_99.80_99.70_99.60_,5684_774_614_654_281_
12:03:41,100.50,1,15231,100.50_101.00_101.50_102.00_102.50_,205_6234_2502_3567_880_,100.00_99.90_99.80_99.70_99.60_,5684_774_614_655_281_
12:04:01,100.50,8,15252,100.50_101.00_101.50_102.00_102.50_,214_6232_2502_3567_880_,100.00_99.90_99.80_99.70_99.60_,5676_779_614_655_281_
12:04:06,100.50,1,15253,100.50_101.00_101.50_102.00_102.50_,213_6232_2502_3567_880_,100.00_99.90_99.80_99.70_99.60_,5685_779_614_655_281_
12:04:17,100.50,3,15256,100.50_101.00_101.50_102.00_102.50_,215_6232_2502_3567_880_,100.00_99.90_99.80_99.70_99.60_,5685_779_614_654_281_
12:04:27,100.00,1,15263,100.50_101.00_101.50_102.00_102.50_,210_6232_2502_3567_880_,100.00_99.90_99.80_99.70_99.60_,5685_779_614_654_281_
12:04:37,100.50,1,15267,100.50_101.00_101.50_102.00_102.50_,216_6232_2502_3566_880_,100.00_99.90_99.80_99.70_99.60_,5685_779_614_625_310_
12:04:47,100.00,1,15270,100.50_101.00_101.50_102.00_102.50_,216_6232_2502_3566_880_,100.00_99.90_99.80_99.70_99.60_,5685_779_614_654_281_
12:04:58,100.50,5,15282,100.50_101.00_101.50_102.00_102.50_,203_6237_2502_3566_880_,100.00_99.90_99.80_99.70_99.60_,5684_779_614_625_310_
12:05:08,100.50,2,15284,100.50_101.00_101.50_102.00_102.50_,202_6262_2502_3566_878_,100.00_99.90_99.80_99.70_99.60_,5683_779_614_654_281_
12:05:28,100.50,8,15301,100.50_101.00_101.50_102.00_102.50_,192_6262_2501_3567_878_,100.00_99.90_99.80_99.70_99.60_,5676_780_614_625_310_
12:05:49,100.50,5,15391,100.50_101.00_101.50_102.00_102.50_,133_6253_2503_3567_879_,100.00_99.90_99.80_99.70_99.60_,5666_780_614_654_281_
12:05:59,100.50,5,15410,100.50_101.00_101.50_102.00_102.50_,116_6254_2503_3567_879_,100.00_99.90_99.80_99.70_99.60_,5677_780_614_654_281_
12:06:20,100.50,8,15427,100.50_101.00_101.50_102.00_102.50_,135_6261_2505_3557_880_,100.00_99.90_99.80_99.70_99.60_,5681_780_614_654_281_
12:06:30,100.50,14,15445,100.50_101.00_101.50_102.00_102.50_,133_6257_2505_3557_880_,100.00_99.90_99.80_99.70_99.60_,5676_780_614_654_281_
12:06:40,100.50,2,15447,100.50_101.00_101.50_102.00_102.50_,157_6234_2505_3555_880_,100.00_99.90_99.80_99.70_99.60_,5676_780_614_625_310_
12:06:50,100.50,4,15456,100.50_101.00_101.50_102.00_102.50_,159_6235_2501_3553_880_,100.00_99.90_99.80_99.70_99.60_,5670_780_681_587_281_
12:07:01,100.50,4,15461,100.50_101.00_101.50_102.00_102.50_,234_6237_2501_3551_882_,100.00_99.90_99.80_99.70_99.60_,5671_780_614_625_310_
12:07:11,100.50,2,15465,100.50_101.00_101.50_102.00_102.50_,231_6239_2501_3551_882_,100.00_99.90_99.80_99.70_99.60_,5671_780_614_625_310_
12:07:16,100.50,1,15466,100.50_101.00_101.50_102.00_102.50_,232_6239_2501_3551_882_,100.00_99.90_99.80_99.70_99.60_,5671_780_614_625_311_
12:07:47,100.50,2,15484,100.50_101.00_101.50_102.00_102.50_,143_6244_2501_3551_882_,100.00_99.90_99.80_99.70_99.60_,5672_781_614_625_310_
12:07:57,100.50,9,15493,100.50_101.00_101.50_102.00_102.50_,140_6238_2500_3551_882_,100.00_99.90_99.80_99.70_99.60_,5672_781_614_654_281_
12:08:17,100.50,6,15512,100.50_101.00_101.50_102.00_102.50_,128_6239_2501_3551_882_,100.00_99.90_99.80_99.70_99.60_,5675_781_614_625_310_
12:08:27,100.50,3,15515,100.50_101.00_101.50_102.00_102.50_,128_6239_2501_3552_882_,100.00_99.90_99.80_99.70_99.60_,5676_781_614_654_281_
12:08:48,100.50,5,15525,100.50_101.00_101.50_102.00_102.50_,135_6244_2501_3552_882_,100.00_99.90_99.80_99.70_99.60_,5689_781_614_654_281_
12:08:58,100.50,5,15533,100.50_101.00_101.50_102.00_102.50_,132_6243_2501_3553_882_,100.00_99.90_99.80_99.70_99.60_,5689_781_614_654_281_
12:09:08,100.50,1,15536,100.50_101.00_101.50_102.00_102.50_,141_6238_2501_3553_882_,100.00_99.90_99.80_99.70_99.60_,5688_781_614_625_310_
12:09:18,100.50,5,15545,100.50_101.00_101.50_102.00_102.50_,143_6238_2501_3553_882_,100.00_99.90_99.80_99.70_99.60_,5687_781_614_625_310_
12:09:39,100.50,5,15567,100.50_101.00_101.50_102.00_102.50_,125_6239_2501_3553_882_,100.00_99.90_99.80_99.70_99.60_,5695_781_614_654_282_
12:10:35,100.50,10,15630,100.50_101.00_101.50_102.00_102.50_,124_6245_2499_3534_882_,100.00_99.90_99.80_99.70_99.60_,5696_781_613_654_282_
12:11:37,100.50,2,15684,100.50_101.00_101.50_102.00_102.50_,82_6283_2505_3535_882_,100.00_99.90_99.80_99.70_99.60_,5694_781_613_654_282_
12:11:47,100.50,4,15688,100.50_101.00_101.50_102.00_102.50_,78_6283_2505_3535_882_,100.00_99.90_99.80_99.70_99.60_,5696_781_613_654_282_
12:12:39,100.50,1,15735,100.50_101.00_101.50_102.00_102.50_,89_6238_2505_3534_882_,100.00_99.90_99.80_99.70_99.60_,5677_782_613_654_282_
12:12:49,100.50,7,15742,100.50_101.00_101.50_102.00_102.50_,110_6238_2505_3534_882_,100.00_99.90_99.80_99.70_99.60_,5677_782_613_654_282_
12:12:59,100.50,3,15746,100.50_101.00_101.50_102.00_102.50_,109_6238_2505_3534_882_,100.00_99.90_99.80_99.70_99.60_,5679_782_613_654_282_
12:13:30,100.50,9,15766,100.50_101.00_101.50_102.00_102.50_,101_6227_2511_3539_882_,100.00_99.90_99.80_99.70_99.60_,5683_782_616_654_282_
12:13:50,100.50,2,15797,100.50_101.00_101.50_102.00_102.50_,89_6221_2511_3539_882_,100.00_99.90_99.80_99.70_99.60_,5696_783_616_655_282_
12:14:06,100.50,1,15800,100.50_101.00_101.50_102.00_102.50_,90_6222_2511_3539_882_,100.00_99.90_99.80_99.70_99.60_,5698_783_616_656_282_
12:14:26,100.50,6,15813,100.50_101.00_101.50_102.00_102.50_,87_6225_2511_3539_882_,100.00_99.90_99.80_99.70_99.60_,5698_783_616_655_282_
12:14:47,100.50,8,15823,100.50_101.00_101.50_102.00_102.50_,78_6226_2511_3539_882_,100.00_99.90_99.80_99.70_99.60_,5701_784_616_655_282_
12:14:57,100.50,2,15830,100.50_101.00_101.50_102.00_102.50_,74_6250_2511_3539_882_,100.00_99.90_99.80_99.70_99.60_,5701_779_616_655_282_
12:15:07,100.50,2,15844,100.50_101.00_101.50_102.00_102.50_,95_6252_2511_3539_882_,100.00_99.90_99.80_99.70_99.60_,5701_779_616_655_282_
12:15:18,100.50,1,15853,100.50_101.00_101.50_102.00_102.50_,88_6259_2511_3539_882_,100.00_99.90_99.80_99.70_99.60_,5704_779_616_655_282_
12:15:28,100.50,1,15858,100.50_101.00_101.50_102.00_102.50_,101_6253_2513_3541_882_,100.00_99.90_99.80_99.70_99.60_,5706_779_616_655_282_
12:15:38,100.50,4,15862,100.50_101.00_101.50_102.00_102.50_,82_6255_2513_3541_882_,100.00_99.90_99.80_99.70_99.60_,5705_779_616_655_282_
12:15:48,100.50,1,15870,100.50_101.00_101.50_102.00_102.50_,74_6255_2513_3541_882_,100.00_99.90_99.80_99.70_99.60_,5704_779_616_655_282_
12:15:59,100.50,10,15880,100.50_101.00_101.50_102.00_102.50_,64_6255_2513_3541_882_,100.00_99.90_99.80_99.70_99.60_,5698_779_616_655_282_
12:16:09,100.50,5,15887,100.50_101.00_101.50_102.00_102.50_,60_6255_2511_3541_882_,100.00_99.90_99.80_99.70_99.60_,5699_779_616_655_282_
12:16:29,100.50,1,15890,100.50_101.00_101.50_102.00_102.50_,83_6261_2511_3541_882_,100.00_99.90_99.80_99.70_99.60_,5622_779_616_655_282_
12:16:40,100.50,24,15917,100.50_101.00_101.50_102.00_102.50_,77_6263_2511_3541_882_,100.00_99.90_99.80_99.70_99.60_,5622_779_616_655_282_
12:17:05,100.50,13,15942,100.50_101.00_101.50_102.00_102.50_,104_6236_2511_3548_882_,100.00_99.90_99.80_99.70_99.60_,5624_779_616_655_282_
12:17:26,100.50,2,15956,100.50_101.00_101.50_102.00_102.50_,171_6238_2512_3548_882_,100.00_99.90_99.80_99.70_99.60_,6114_780_616_655_282_
12:18:07,100.50,1,15989,100.50_101.00_101.50_102.00_102.50_,148_6242_2512_3554_881_,100.00_99.90_99.80_99.70_99.60_,6099_779_616_655_282_
12:18:17,100.50,1,15995,100.50_101.00_101.50_102.00_102.50_,143_6243_2512_3554_881_,100.00_99.90_99.80_99.70_99.60_,6099_779_616_655_282_
12:18:27,100.50,5,16001,100.50_101.00_101.50_102.00_102.50_,140_6243_2512_3554_881_,100.00_99.90_99.80_99.70_99.60_,6100_779_616_655_282_
12:18:37,100.50,4,16017,100.50_101.00_101.50_102.00_102.50_,125_6243_2512_3554_881_,100.00_99.90_99.80_99.70_99.60_,6096_779_616_655_282_
12:18:48,100.50,1,16022,100.50_101.00_101.50_102.00_102.50_,121_6266_2512_3554_881_,100.00_99.90_99.80_99.70_99.60_,6091_779_616_655_282_
12:18:58,100.50,1,16023,100.50_101.00_101.50_102.00_102.50_,135_6270_2512_3554_881_,100.00_99.90_99.80_99.70_99.60_,6092_779_616_655_282_
12:19:59,100.50,7,16067,100.50_101.00_101.50_102.00_102.50_,118_6269_2512_3554_881_,100.00_99.90_99.80_99.70_99.60_,6094_780_616_655_282_
12:20:10,100.50,4,16079,100.50_101.00_101.50_102.00_102.50_,106_6271_2512_3554_881_,100.00_99.90_99.80_99.70_99.60_,6094_780_645_626_282_
12:20:20,100.50,3,16083,100.50_101.00_101.50_102.00_102.50_,102_6276_2512_3554_881_,100.00_99.90_99.80_99.70_99.60_,6099_780_645_626_282_
12:20:30,100.50,1,16086,100.50_101.00_101.50_102.00_102.50_,133_6249_2512_3555_881_,100.00_99.90_99.80_99.70_99.60_,6100_780_616_655_282_
12:20:40,100.50,2,16096,100.50_101.00_101.50_102.00_102.50_,131_6249_2512_3555_881_,100.00_99.90_99.80_99.70_99.60_,6101_780_616_655_282_
12:20:51,100.50,2,16100,100.50_101.00_101.50_102.00_102.50_,127_6253_2512_3555_881_,100.00_99.90_99.80_99.70_99.60_,6101_780_616_655_282_
12:21:11,100.50,2,16115,100.50_101.00_101.50_102.00_102.50_,120_6254_2512_3555_881_,100.00_99.90_99.80_99.70_99.60_,6094_780_616_655_282_
12:21:16,100.50,2,16115,100.50_101.00_101.50_102.00_102.50_,142_6254_2512_3555_881_,100.00_99.90_99.80_99.70_99.60_,6094_780_616_655_282_
12:21:26,100.50,4,16119,100.50_101.00_101.50_102.00_102.50_,142_6250_2512_3555_881_,100.00_99.90_99.80_99.70_99.60_,6094_780_616_655_282_
12:21:37,100.50,6,16130,100.50_101.00_101.50_102.00_102.50_,140_6250_2512_3555_881_,100.00_99.90_99.80_99.70_99.60_,6097_780_616_655_282_
12:22:07,100.50,6,16143,100.50_101.00_101.50_102.00_102.50_,133_5759_2512_3555_881_,100.00_99.90_99.80_99.70_99.60_,5520_287_645_626_282_
12:22:18,100.50,2,16147,100.50_101.00_101.50_102.00_102.50_,131_5759_2511_3555_881_,100.00_99.90_99.80_99.70_99.60_,5522_287_645_626_282_
12:22:28,100.50,3,16151,100.50_101.00_101.50_102.00_102.50_,132_5755_2511_3555_881_,100.00_99.90_99.80_99.70_99.60_,5518_287_218_65_282_
12:22:38,100.50,2,16159,100.50_101.00_101.50_102.00_102.50_,126_5755_2511_3555_881_,100.00_99.90_99.80_99.70_99.60_,5519_287_151_132_282_
12:22:48,100.50,2,16161,100.50_101.00_101.50_102.00_102.50_,156_5753_2511_3555_881_,100.00_99.90_99.80_99.70_99.60_,5519_287_122_161_282_
12:22:59,100.50,7,16168,100.50_101.00_101.50_102.00_102.50_,152_5751_2511_3555_881_,100.00_99.90_99.80_99.70_99.60_,5517_284_122_161_282_
12:23:09,100.50,2,16175,100.50_101.00_101.50_102.00_102.50_,148_5752_2511_3556_881_,100.00_99.90_99.80_99.70_99.60_,5491_287_122_161_282_
12:23:29,100.50,2,16187,100.50_101.00_101.50_102.00_102.50_,147_5760_2511_3556_881_,100.00_99.90_99.80_99.70_99.60_,5245_287_190_94_282_
12:23:50,100.50,1,16205,100.50_101.00_101.50_102.00_102.50_,154_5749_2511_3556_881_,100.00_99.90_99.80_99.70_99.60_,5247_287_122_132_311_
12:24:00,100.50,8,16218,100.50_101.00_101.50_102.00_102.50_,146_5756_2511_3556_881_,100.00_99.90_99.80_99.70_99.60_,5247_287_122_161_282_
12:24:11,100.50,2,16226,100.50_101.00_101.50_102.00_102.50_,159_5758_2511_3556_881_,100.00_99.90_99.80_99.70_99.60_,5249_287_122_132_311_
12:24:16,100.50,10,16236,100.50_101.00_101.50_102.00_102.50_,150_5758_2511_3556_881_,100.00_99.90_99.80_99.70_99.60_,5249_287_122_132_311_
12:24:26,100.50,1,16238,100.50_101.00_101.50_102.00_102.50_,150_5782_2511_3556_881_,100.00_99.90_99.80_99.70_99.60_,5249_288_122_161_282_
12:24:46,100.50,1,16246,100.50_101.00_101.50_102.00_102.50_,145_5787_2511_3556_881_,100.00_99.90_99.80_99.70_99.60_,5250_288_122_161_282_
12:24:57,100.50,8,16255,100.50_101.00_101.50_102.00_102.50_,143_5782_2511_3556_881_,100.00_99.90_99.80_99.70_99.60_,5246_288_190_94_282_
12:25:07,100.50,5,16265,100.50_101.00_101.50_102.00_102.50_,151_5783_2511_3556_881_,100.00_99.90_99.80_99.70_99.60_,5248_288_122_161_282_
12:25:38,100.50,4,16285,100.50_101.00_101.50_102.00_102.50_,159_5797_2510_3556_881_,100.00_99.90_99.80_99.70_99.60_,5252_288_122_161_282_
12:25:48,100.50,4,16290,100.50_101.00_101.50_102.00_102.50_,154_5797_2510_3556_881_,100.00_99.90_99.80_99.70_99.60_,5252_288_122_161_282_
12:25:58,100.50,1,16291,100.50_101.00_101.50_102.00_102.50_,176_5779_2511_3556_881_,100.00_99.90_99.80_99.70_99.60_,5253_288_122_161_282_
12:26:09,100.50,2,16298,100.50_101.00_101.50_102.00_102.50_,170_5780_2510_3556_881_,100.00_99.90_99.80_99.70_99.60_,5254_288_122_161_282_
12:26:39,100.50,2,16315,100.50_101.00_101.50_102.00_102.50_,166_5786_2514_3556_881_,100.00_99.90_99.80_99.70_99.60_,5253_289_122_161_282_
12:26:49,100.50,2,16317,100.50_101.00_101.50_102.00_102.50_,172_5792_2514_3556_881_,100.00_99.90_99.80_99.70_99.60_,5253_289_122_161_282_
12:27:20,100.50,1,16331,100.50_101.00_101.50_102.00_102.50_,183_5795_2513_3556_881_,100.00_99.90_99.80_99.70_99.60_,5128_294_122_161_282_
12:28:21,100.00,1,16368,100.50_101.00_101.50_102.00_102.50_,183_5796_2493_3556_881_,100.00_99.90_99.80_99.70_99.60_,5358_294_122_161_282_
12:28:27,100.50,15,16383,100.50_101.00_101.50_102.00_102.50_,172_5816_2493_3556_881_,100.00_99.90_99.80_99.70_99.60_,5356_294_190_94_282_
12:28:37,100.50,1,16384,100.50_101.00_101.50_102.00_102.50_,293_5814_2493_3556_881_,100.00_99.90_99.80_99.70_99.60_,5353_294_122_132_311_
12:28:47,100.50,3,16388,100.50_101.00_101.50_102.00_102.50_,346_5812_2493_3556_881_,100.00_99.90_99.80_99.70_99.60_,5353_289_122_132_311_
12:28:57,100.50,24,16415,100.50_101.00_101.50_102.00_102.50_,329_5812_2493_3556_881_,100.00_99.90_99.80_99.70_99.60_,5347_289_190_65_311_
12:30:09,100.50,3,16455,100.50_101.00_101.50_102.00_102.50_,897_5958_2494_3554_881_,100.00_99.90_99.80_99.70_99.60_,5806_784_616_626_311_
12:30:19,100.50,50,16505,100.50_101.00_101.50_102.00_102.50_,855_5958_2495_3555_881_,100.00_99.90_99.80_99.70_99.60_,5812_784_616_626_311_
12:30:29,100.50,5,16516,100.50_101.00_101.50_102.00_102.50_,879_5965_2495_3555_881_,100.00_99.90_99.80_99.70_99.60_,5813_784_616_626_311_
12:30:40,100.50,3,16520,100.50_101.00_101.50_102.00_102.50_,879_5974_2495_3555_881_,100.00_99.90_99.80_99.70_99.60_,5816_784_616_626_311_
12:30:50,100.50,4,16530,100.50_101.00_101.50_102.00_102.50_,871_5975_2495_3556_881_,100.00_99.90_99.80_99.70_99.60_,5821_784_616_626_311_
12:31:10,100.50,3,16539,100.50_101.00_101.50_102.00_102.50_,870_5978_2495_3556_880_,100.00_99.90_99.80_99.70_99.60_,5827_784_616_626_311_
12:31:20,100.50,5,16545,100.50_101.00_101.50_102.00_102.50_,865_5981_2495_3556_880_,100.00_99.90_99.80_99.70_99.60_,5817_784_683_559_311_
12:31:31,100.50,11,16562,100.50_101.00_101.50_102.00_102.50_,999_5981_2495_3556_880_,100.00_99.90_99.80_99.70_99.60_,5814_785_616_626_311_
12:31:36,100.00,4,16566,100.50_101.00_101.50_102.00_102.50_,1018_5970_2495_3555_880_,100.00_99.90_99.80_99.70_99.60_,5812_784_616_626_311_
12:31:56,100.50,11,16586,100.50_101.00_101.50_102.00_102.50_,1086_5967_2495_3555_880_,100.00_99.90_99.80_99.70_99.60_,5813_784_683_559_312_
12:32:07,100.50,2,16588,100.50_101.00_101.50_102.00_102.50_,1140_5963_2495_3555_880_,100.00_99.90_99.80_99.70_99.60_,5819_784_616_626_312_
12:32:27,100.50,1,16597,100.50_101.00_101.50_102.00_102.50_,1188_5973_2495_3555_880_,100.00_99.90_99.80_99.70_99.60_,5820_785_616_626_311_
12:32:48,100.50,4,16610,100.50_101.00_101.50_102.00_102.50_,1179_5974_2495_3555_880_,100.00_99.90_99.80_99.70_99.60_,5816_785_616_626_311_
12:32:58,100.50,1,16615,100.50_101.00_101.50_102.00_102.50_,1180_5970_2495_3555_880_,100.00_99.90_99.80_99.70_99.60_,5817_785_616_626_311_
12:33:19,100.50,2,16621,100.50_101.00_101.50_102.00_102.50_,1184_5972_2495_3555_880_,100.00_99.90_99.80_99.70_99.60_,5821_785_616_626_311_
12:33:29,100.50,6,16627,100.50_101.00_101.50_102.00_102.50_,1180_5979_2495_3556_880_,100.00_99.90_99.80_99.70_99.60_,5821_785_616_626_311_
12:33:39,100.50,3,16631,100.50_101.00_101.50_102.00_102.50_,1179_5964_2495_3556_880_,100.00_99.90_99.80_99.70_99.60_,5816_785_616_626_311_
12:34:00,100.50,8,16647,100.50_101.00_101.50_102.00_102.50_,1190_5965_2496_3556_880_,100.00_99.90_99.80_99.70_99.60_,5830_786_616_626_311_
12:34:10,100.50,3,16651,100.50_101.00_101.50_102.00_102.50_,1200_5965_2496_3556_880_,100.00_99.90_99.80_99.70_99.60_,5826_786_616_626_311_
12:34:20,100.50,6,16657,100.50_101.00_101.50_102.00_102.50_,1194_5967_2496_3558_880_,100.00_99.90_99.80_99.70_99.60_,5826_786_616_626_311_
12:34:41,100.50,3,16671,100.50_101.00_101.50_102.00_102.50_,1384_5979_2496_3558_881_,100.00_99.90_99.80_99.70_99.60_,5824_786_683_559_311_
12:34:56,100.50,5,16679,100.50_101.00_101.50_102.00_102.50_,1385_5975_2503_3558_881_,100.00_99.90_99.80_99.70_99.60_,5843_786_616_626_311_
12:35:06,100.50,1,16682,100.50_101.00_101.50_102.00_102.50_,1386_5975_2502_3558_881_,100.00_99.90_99.80_99.70_99.60_,5848_791_616_626_311_
12:35:27,100.00,1,16692,100.50_101.00_101.50_102.00_102.50_,1384_5977_2502_3558_881_,100.00_99.90_99.80_99.70_99.60_,5841_791_616_626_311_
12:35:37,100.50,2,16696,100.50_101.00_101.50_102.00_102.50_,1381_5977_2502_3558_881_,100.00_99.90_99.80_99.70_99.60_,5843_791_617_626_311_
12:35:47,100.50,1,16701,100.50_101.00_101.50_102.00_102.50_,1378_5827_2502_3558_881_,100.00_99.90_99.80_99.70_99.60_,5848_791_616_626_311_
12:36:08,100.50,2,16713,100.50_101.00_101.50_102.00_102.50_,1530_5829_2502_3558_881_,100.00_99.90_99.80_99.70_99.60_,5838_791_616_626_311_
12:36:28,100.50,4,16731,100.50_101.00_101.50_102.00_102.50_,1516_5834_2502_3558_881_,100.00_99.90_99.80_99.70_99.60_,5844_792_618_626_311_
12:37:19,100.50,6,16761,100.50_101.00_101.50_102.00_102.50_,1509_5854_2503_3558_881_,100.00_99.90_99.80_99.70_99.60_,5763_792_618_626_311_
12:37:29,100.50,2,16763,100.50_101.00_101.50_102.00_102.50_,1513_5854_2503_3558_881_,100.00_99.90_99.80_99.70_99.60_,5778_792_618_626_311_
12:37:40,100.50,3,16768,100.50_101.00_101.50_102.00_102.50_,1508_5855_2503_3558_881_,100.00_99.90_99.80_99.70_99.60_,5774_792_685_559_311_
12:38:21,100.50,5,16789,100.50_101.00_101.50_102.00_102.50_,1544_5862_2500_3558_881_,100.00_99.90_99.80_99.70_99.60_,5722_792_619_626_312_
12:38:51,100.50,3,16812,100.50_101.00_101.50_102.00_102.50_,1529_5858_2499_3558_880_,100.00_99.90_99.80_99.70_99.60_,5744_793_619_626_311_
12:38:56,100.50,2,16814,100.50_101.00_101.50_102.00_102.50_,1533_5876_2499_3558_880_,100.00_99.90_99.80_99.70_99.60_,5743_793_619_626_311_
12:39:27,100.50,5,16840,100.50_101.00_101.50_102.00_102.50_,1651_5737_2499_3558_880_,100.00_99.90_99.80_99.70_99.60_,5766_792_619_626_311_
12:39:48,100.50,4,16853,100.50_101.00_101.50_102.00_102.50_,1660_5739_2500_3558_880_,100.00_99.90_99.80_99.70_99.60_,5760_792_619_626_282_
12:39:58,100.00,1,16857,100.50_101.00_101.50_102.00_102.50_,1659_5754_2499_3558_880_,100.00_99.90_99.80_99.70_99.60_,5759_792_619_626_311_
12:40:18,100.50,8,16873,100.50_101.00_101.50_102.00_102.50_,1645_5755_2499_3558_880_,100.00_99.90_99.80_99.70_99.60_,5735_792_619_626_311_
12:40:49,100.50,2,16890,100.50_101.00_101.50_102.00_102.50_,1671_5750_2498_3558_891_,100.00_99.90_99.80_99.70_99.60_,5736_792_619_627_282_
12:41:30,100.50,2,16920,100.50_101.00_101.50_102.00_102.50_,1854_5755_2498_3558_891_,100.00_99.90_99.80_99.70_99.60_,5788_793_619_626_311_
12:41:40,100.50,1,16922,100.50_101.00_101.50_102.00_102.50_,1853_5756_2498_3558_891_,100.00_99.90_99.80_99.70_99.60_,5788_794_619_626_311_
12:41:45,100.50,5,16927,100.50_101.00_101.50_102.00_102.50_,1861_5746_2498_3558_891_,100.00_99.90_99.80_99.70_99.60_,5788_794_619_626_311_
12:42:06,100.50,3,16937,100.50_101.00_101.50_102.00_102.50_,1896_5739_2497_3558_891_,100.00_99.90_99.80_99.70_99.60_,5788_794_619_626_311_
12:42:21,100.50,4,16993,100.50_101.00_101.50_102.00_102.50_,1843_5739_2500_3558_891_,100.00_99.90_99.80_99.70_99.60_,5790_794_619_626_311_
12:42:37,100.50,1,17004,100.50_101.00_101.50_102.00_102.50_,1842_5739_2500_3558_891_,100.00_99.90_99.80_99.70_99.60_,5794_794_619_626_311_
12:42:47,100.00,3,17012,100.50_101.00_101.50_102.00_102.50_,1840_5739_2500_3558_891_,100.00_99.90_99.80_99.70_99.60_,5791_794_619_626_282_
12:42:57,100.50,3,17017,100.50_101.00_101.50_102.00_102.50_,1836_5743_2500_3558_893_,100.00_99.90_99.80_99.70_99.60_,5790_794_619_626_282_
12:43:07,100.50,2,17024,100.50_101.00_101.50_102.00_102.50_,1834_5743_2500_3558_893_,100.00_99.90_99.80_99.70_99.60_,5792_794_619_626_311_
12:43:28,100.00,9,17040,100.50_101.00_101.50_102.00_102.50_,1832_5734_2501_3558_893_,100.00_99.90_99.80_99.70_99.60_,5785_795_619_626_312_
12:44:09,100.50,2,17072,100.50_101.00_101.50_102.00_102.50_,1815_5742_2502_3557_895_,100.00_99.90_99.80_99.70_99.60_,5782_795_620_626_312_
12:44:19,100.50,5,17077,100.50_101.00_101.50_102.00_102.50_,1811_5743_2502_3557_895_,100.00_99.90_99.80_99.70_99.60_,5787_795_619_626_312_
12:44:29,100.50,1,17086,100.50_101.00_101.50_102.00_102.50_,1817_5743_2502_3557_895_,100.00_99.90_99.80_99.70_99.60_,5787_795_686_559_312_
12:44:40,100.00,1,17090,100.50_101.00_101.50_102.00_102.50_,1815_5743_2502_3557_895_,100.00_99.90_99.80_99.70_99.60_,5789_795_618_626_312_
12:45:00,100.50,9,17112,100.50_101.00_101.50_102.00_102.50_,1798_5744_2502_3557_895_,100.00_99.90_99.80_99.70_99.60_,5802_792_618_626_312_
12:45:26,100.50,2,17128,100.50_101.00_101.50_102.00_102.50_,1500_6223_2503_3557_895_,100.00_99.90_99.80_99.70_99.60_,5797_795_619_626_312_
12:45:36,100.50,4,17132,100.50_101.00_101.50_102.00_102.50_,1498_6223_2503_3557_895_,100.00_99.90_99.80_99.70_99.60_,5797_795_619_626_312_
12:45:46,100.50,1,17137,100.50_101.00_101.50_102.00_102.50_,1497_6222_2503_3557_895_,100.00_99.90_99.80_99.70_99.60_,5799_796_619_626_312_
12:45:56,100.50,2,17139,100.50_101.00_101.50_102.00_102.50_,1496_6222_2503_3557_895_,100.00_99.90_99.80_99.70_99.60_,5798_796_619_626_312_
12:46:07,100.00,2,17142,100.50_101.00_101.50_102.00_102.50_,1497_6222_2503_3557_895_,100.00_99.90_99.80_99.70_99.60_,5799_796_619_626_311_
12:46:17,100.50,3,17151,100.50_101.00_101.50_102.00_102.50_,1494_6223_2503_3557_895_,100.00_99.90_99.80_99.70_99.60_,5796_796_686_559_311_
12:46:48,100.00,1,17171,100.50_101.00_101.50_102.00_102.50_,1499_6228_2503_3557_895_,100.00_99.90_99.80_99.70_99.60_,5805_796_619_626_311_
12:46:58,100.50,1,17175,100.50_101.00_101.50_102.00_102.50_,1505_6226_2503_3557_895_,100.00_99.90_99.80_99.70_99.60_,5805_796_619_626_311_
12:47:08,100.50,6,17190,100.50_101.00_101.50_102.00_102.50_,1501_6226_2503_3557_895_,100.00_99.90_99.80_99.70_99.60_,5804_796_619_626_311_
12:47:39,100.50,4,17209,100.50_101.00_101.50_102.00_102.50_,1513_6233_2503_3557_895_,100.00_99.90_99.80_99.70_99.60_,5802_796_619_626_311_
12:47:49,100.50,2,17211,100.50_101.00_101.50_102.00_102.50_,1515_6233_2503_3557_895_,100.00_99.90_99.80_99.70_99.60_,5802_796_619_627_283_
12:47:59,100.00,6,17220,100.50_101.00_101.50_102.00_102.50_,1515_6243_2503_3557_895_,100.00_99.90_99.80_99.70_99.60_,5798_796_619_627_284_
12:48:09,100.50,5,17228,100.50_101.00_101.50_102.00_102.50_,1514_6238_2503_3557_895_,100.00_99.90_99.80_99.70_99.60_,5802_797_619_627_284_
12:48:20,100.50,1,17235,100.50_101.00_101.50_102.00_102.50_,1535_6209_2503_3557_895_,100.00_99.90_99.80_99.70_99.60_,5810_797_619_626_312_
12:48:40,100.50,6,17258,100.50_101.00_101.50_102.00_102.50_,1526_6212_2504_3557_895_,100.00_99.90_99.80_99.70_99.60_,5790_797_686_559_312_
12:49:01,100.50,2,17265,100.50_101.00_101.50_102.00_102.50_,1536_6213_2504_3557_895_,100.00_99.90_99.80_99.70_99.60_,5797_797_619_626_312_
12:49:06,100.50,5,17270,100.50_101.00_101.50_102.00_102.50_,1577_6213_2504_3557_895_,100.00_99.90_99.80_99.70_99.60_,5797_797_619_626_312_
12:49:21,100.50,5,17279,100.50_101.00_101.50_102.00_102.50_,1586_6215_2503_3568_895_,100.00_99.90_99.80_99.70_99.60_,5792_797_686_559_283_
12:49:37,100.50,12,17303,100.50_101.00_101.50_102.00_102.50_,1582_6216_2504_3568_895_,100.00_99.90_99.80_99.70_99.60_,5795_797_618_626_283_
12:49:47,100.00,2,17308,100.50_101.00_101.50_102.00_102.50_,1591_6216_2504_3568_895_,100.00_99.90_99.80_99.70_99.60_,5790_797_618_627_313_
12:50:38,100.50,6,17353,100.50_101.00_101.50_102.00_102.50_,1579_6236_2504_3568_895_,100.00_99.90_99.80_99.70_99.60_,5753_798_618_626_312_
12:50:58,100.00,7,17375,100.50_101.00_101.50_102.00_102.50_,1594_6237_2504_3568_895_,100.00_99.90_99.80_99.70_99.60_,5736_798_618_626_312_
12:51:19,100.00,1,17385,100.50_101.00_101.50_102.00_102.50_,1589_6237_2504_3568_895_,100.00_99.90_99.80_99.70_99.60_,5742_797_618_626_312_
12:52:31,100.50,7,17437,100.50_101.00_101.50_102.00_102.50_,1581_6239_2503_3568_895_,100.00_99.90_99.80_99.70_99.60_,6087_797_618_627_313_
12:52:41,100.00,4,17447,100.50_101.00_101.50_102.00_102.50_,1576_6238_2503_3568_895_,100.00_99.90_99.80_99.70_99.60_,6090_797_618_627_313_
12:53:48,100.00,2,17491,100.50_101.00_101.50_102.00_102.50_,1576_6240_2503_3569_895_,100.00_99.90_99.80_99.70_99.60_,6096_798_685_559_312_
12:53:58,100.50,1,17493,100.50_101.00_101.50_102.00_102.50_,1573_6244_2509_3569_895_,100.00_99.90_99.80_99.70_99.60_,6110_798_618_632_318_
12:54:19,100.50,11,17520,100.50_101.00_101.50_102.00_102.50_,1581_6244_2509_3575_901_,100.00_99.90_99.80_99.70_99.60_,6107_798_618_633_319_
12:54:39,100.50,1,17533,100.50_101.00_101.50_102.00_102.50_,1571_6250_2508_3575_901_,100.00_99.90_99.80_99.70_99.60_,6110_798_618_633_319_
12:55:00,100.00,6,17543,100.50_101.00_101.50_102.00_102.50_,1582_6245_2508_3575_901_,100.00_99.90_99.80_99.70_99.60_,5887_798_685_565_318_
12:55:10,100.50,4,17547,100.50_101.00_101.50_102.00_102.50_,1583_6245_2508_3575_901_,100.00_99.90_99.80_99.70_99.60_,5893_798_619_633_317_
12:55:20,100.50,3,17554,100.50_101.00_101.50_102.00_102.50_,1583_6245_2508_3575_901_,100.00_99.90_99.80_99.70_99.60_,5894_799_619_633_317_
12:56:01,100.50,10,17582,100.50_101.00_101.50_102.00_102.50_,1567_6249_2508_3585_901_,100.00_99.90_99.80_99.70_99.60_,5983_799_620_631_317_
12:56:06,100.50,6,17588,100.50_101.00_101.50_102.00_102.50_,1561_6249_2508_3586_901_,100.00_99.90_99.80_99.70_99.60_,6110_799_620_631_317_
12:56:32,100.50,5,17602,100.50_101.00_101.50_102.00_102.50_,1558_6273_2512_3586_901_,100.00_99.90_99.80_99.70_99.60_,6105_799_686_564_318_
12:56:37,100.50,1,17603,100.50_101.00_101.50_102.00_102.50_,1560_6274_2512_3586_901_,100.00_99.90_99.80_99.70_99.60_,6108_799_619_631_318_
12:56:47,100.50,3,17609,100.50_101.00_101.50_102.00_102.50_,1556_6274_2512_3586_901_,100.00_99.90_99.80_99.70_99.60_,6119_799_619_631_318_
12:57:38,100.00,25,17716,100.50_101.00_101.50_102.00_102.50_,1492_6286_2502_3586_902_,100.00_99.90_99.80_99.70_99.60_,6069_799_619_631_318_
12:57:49,100.00,1,17722,100.50_101.00_101.50_102.00_102.50_,1511_6263_2502_3586_902_,100.00_99.90_99.80_99.70_99.60_,6070_800_619_631_319_
12:58:09,100.50,1,17733,100.50_101.00_101.50_102.00_102.50_,1544_6264_2502_3592_902_,100.00_99.90_99.80_99.70_99.60_,6100_799_619_631_318_
12:58:19,100.50,1,17735,100.50_101.00_101.50_102.00_102.50_,1546_6265_2502_3592_902_,100.00_99.90_99.80_99.70_99.60_,6102_799_619_631_317_
12:58:29,100.50,8,17744,100.50_101.00_101.50_102.00_102.50_,1545_6264_2502_3592_902_,100.00_99.90_99.80_99.70_99.60_,6101_799_619_631_317_
12:58:50,100.50,1,17760,100.50_101.00_101.50_102.00_102.50_,1535_6265_2502_3592_900_,100.00_99.90_99.80_99.70_99.60_,6095_799_619_631_317_
12:59:00,100.50,5,17770,100.50_101.00_101.50_102.00_102.50_,1536_6264_2502_3592_900_,100.00_99.90_99.80_99.70_99.60_,6109_799_619_631_317_
12:59:10,100.00,1,17774,100.50_101.00_101.50_102.00_102.50_,1537_6264_2502_3592_900_,100.00_99.90_99.80_99.70_99.60_,6100_798_687_564_317_
12:59:56,100.50,6,17816,100.50_101.00_101.50_102.00_102.50_,1522_6276_2493_3593_900_,100.00_99.90_99.80_99.70_99.60_,5996_797_686_564_317_
13:00:07,100.50,3,17819,100.50_101.00_101.50_102.00_102.50_,1515_6276_2492_3593_900_,100.00_99.90_99.80_99.70_99.60_,6006_798_619_631_317_
13:00:17,100.50,5,17827,100.50_101.00_101.50_102.00_102.50_,1511_6275_2492_3593_900_,100.00_99.90_99.80_99.70_99.60_,6004_798_619_631_317_
13:00:27,100.50,6,17835,100.50_101.00_101.50_102.00_102.50_,1510_6276_2492_3593_900_,100.00_99.90_99.80_99.70_99.60_,6001_798_686_564_317_
13:00:37,100.50,1,17841,100.50_101.00_101.50_102.00_102.50_,1504_6274_2492_3594_900_,100.00_99.90_99.80_99.70_99.60_,6004_798_619_631_317_
13:00:58,100.50,6,17865,100.50_101.00_101.50_102.00_102.50_,1491_6273_2492_3595_900_,100.00_99.90_99.80_99.70_99.60_,6000_798_619_631_316_
13:01:29,100.00,5,17886,100.50_101.00_101.50_102.00_102.50_,1490_6272_2492_3595_900_,100.00_99.90_99.80_99.70_99.60_,5994_798_619_631_316_
13:01:49,100.50,5,17897,100.50_101.00_101.50_102.00_102.50_,1525_6232_2492_3595_900_,100.00_99.90_99.80_99.70_99.60_,6004_798_619_631_317_
13:02:10,100.50,1,17916,100.50_101.00_101.50_102.00_102.50_,1543_6232_2492_3595_900_,100.00_99.90_99.80_99.70_99.60_,6004_796_619_631_317_
13:02:20,100.00,2,17919,100.50_101.00_101.50_102.00_102.50_,1544_6233_2492_3595_900_,100.00_99.90_99.80_99.70_99.60_,6003_796_619_631_316_
13:02:30,100.50,10,17937,100.50_101.00_101.50_102.00_102.50_,1541_6234_2492_3595_900_,100.00_99.90_99.80_99.70_99.60_,5994_797_686_564_316_
13:02:41,100.50,5,17946,100.50_101.00_101.50_102.00_102.50_,1585_6235_2492_3595_900_,100.00_99.90_99.80_99.70_99.60_,5994_798_619_631_316_
13:03:06,100.00,2,17958,100.50_101.00_101.50_102.00_102.50_,1582_6242_2492_3595_900_,100.00_99.90_99.80_99.70_99.60_,5984_798_618_632_316_
13:03:22,100.50,4,17973,100.50_101.00_101.50_102.00_102.50_,1579_6242_2492_3595_899_,100.00_99.90_99.80_99.70_99.60_,5981_798_685_564_316_
13:03:37,100.50,1,17990,100.50_101.00_101.50_102.00_102.50_,1669_6234_2490_3595_899_,100.00_99.90_99.80_99.70_99.60_,5981_798_618_631_316_
13:03:47,100.50,3,17996,100.50_101.00_101.50_102.00_102.50_,1669_6234_2491_3595_899_,100.00_99.90_99.80_99.70_99.60_,5930_798_618_631_287_
13:03:57,100.50,4,18004,100.50_101.00_101.50_102.00_102.50_,1673_6234_2491_3595_899_,100.00_99.90_99.80_99.70_99.60_,5932_798_618_631_316_
13:04:18,100.50,2,18027,100.50_101.00_101.50_102.00_102.50_,1657_6236_2491_3595_899_,100.00_99.90_99.80_99.70_99.60_,5937_798_618_631_316_
13:04:38,100.50,1,18034,100.50_101.00_101.50_102.00_102.50_,1645_6238_2491_3595_899_,100.00_99.90_99.80_99.70_99.60_,5901_798_618_631_316_
13:04:48,100.50,5,18044,100.50_101.00_101.50_102.00_102.50_,1643_6238_2491_3595_899_,100.00_99.90_99.80_99.70_99.60_,5835_799_685_564_316_
13:05:50,100.50,18,18112,100.50_101.00_101.50_102.00_102.50_,1637_6244_2492_3586_899_,100.00_99.90_99.80_99.70_99.60_,5891_795_618_631_316_
13:06:00,100.50,2,18115,100.50_101.00_101.50_102.00_102.50_,1636_6244_2492_3585_899_,100.00_99.90_99.80_99.70_99.60_,5884_797_618_631_316_
13:06:30,100.00,6,18136,100.50_101.00_101.50_102.00_102.50_,1691_6246_2492_3585_895_,100.00_99.90_99.80_99.70_99.60_,5882_797_619_631_287_
13:07:01,100.50,2,18162,100.50_101.00_101.50_102.00_102.50_,2175_5753_2492_3586_895_,100.00_99.90_99.80_99.70_99.60_,5838_797_619_631_287_
13:07:42,100.50,11,18262,100.50_101.00_101.50_102.00_102.50_,2246_5755_2492_3586_895_,100.00_99.90_99.80_99.70_99.60_,5792_798_619_631_287_
13:08:38,100.50,2,18317,100.50_101.00_101.50_102.00_102.50_,2321_5754_2492_3575_895_,100.00_99.90_99.80_99.70_99.60_,5779_798_619_631_287_
13:08:58,100.00,1,18327,100.50_101.00_101.50_102.00_102.50_,2322_5746_2492_3575_894_,100.00_99.90_99.80_99.70_99.60_,5769_798_686_564_287_
13:09:19,100.50,7,18348,100.50_101.00_101.50_102.00_102.50_,2347_5710_2493_3575_894_,100.00_99.90_99.80_99.70_99.60_,5778_794_617_631_287_
13:10:20,100.50,2,18399,100.50_101.00_101.50_102.00_102.50_,2359_5713_2492_3575_894_,100.00_99.90_99.80_99.70_99.60_,5790_793_617_631_287_
13:11:26,100.00,6,18459,100.50_101.00_101.50_102.00_102.50_,2359_5705_2492_3575_894_,100.00_99.90_99.80_99.70_99.60_,5839_793_684_564_287_
13:11:36,100.50,4,18470,100.50_101.00_101.50_102.00_102.50_,2357_5725_2492_3575_894_,100.00_99.90_99.80_99.70_99.60_,5831_794_684_564_287_
13:11:47,100.50,7,18480,100.50_101.00_101.50_102.00_102.50_,2351_5725_2492_3575_894_,100.00_99.90_99.80_99.70_99.60_,5832_794_617_631_287_
13:11:57,100.00,23,18505,100.50_101.00_101.50_102.00_102.50_,2328_5725_2492_3574_894_,100.00_99.90_99.80_99.70_99.60_,5810_794_617_631_287_
13:12:07,100.50,4,18514,100.50_101.00_101.50_102.00_102.50_,2340_5724_2492_3574_894_,100.00_99.90_99.80_99.70_99.60_,5810_795_617_631_287_
13:12:27,100.00,1,18536,100.50_101.00_101.50_102.00_102.50_,2333_5724_2492_3574_894_,100.00_99.90_99.80_99.70_99.60_,5800_795_684_564_287_
13:12:38,100.50,6,18545,100.50_101.00_101.50_102.00_102.50_,2328_5724_2492_3574_894_,100.00_99.90_99.80_99.70_99.60_,5800_795_684_564_287_
13:13:18,100.50,7,18581,100.50_101.00_101.50_102.00_102.50_,2325_5731_2493_3574_894_,100.00_99.90_99.80_99.70_99.60_,5802_795_618_631_287_
13:13:39,100.50,2,18592,100.50_101.00_101.50_102.00_102.50_,2336_5731_2493_3574_894_,100.00_99.90_99.80_99.70_99.60_,5804_794_618_630_287_
13:13:49,100.50,2,18599,100.50_101.00_101.50_102.00_102.50_,2341_5746_2493_3574_894_,100.00_99.90_99.80_99.70_99.60_,5800_795_618_630_287_
13:14:09,100.50,5,18621,100.50_101.00_101.50_102.00_102.50_,2396_5746_2483_3574_894_,100.00_99.90_99.80_99.70_99.60_,5791_795_686_563_287_
13:14:20,100.50,1,18627,100.50_101.00_101.50_102.00_102.50_,2447_5743_2483_3574_894_,100.00_99.90_99.80_99.70_99.60_,5796_795_619_630_287_
13:14:30,100.50,5,18635,100.50_101.00_101.50_102.00_102.50_,2445_5742_2483_3574_894_,100.00_99.90_99.80_99.70_99.60_,5791_795_686_563_287_
13:14:40,100.50,17,18656,100.50_101.00_101.50_102.00_102.50_,2437_5742_2483_3574_894_,100.00_99.90_99.80_99.70_99.60_,5792_795_619_630_287_
13:15:11,100.50,7,18687,100.50_101.00_101.50_102.00_102.50_,2420_5744_2483_3574_894_,100.00_99.90_99.80_99.70_99.60_,5772_796_618_630_287_
13:15:21,100.50,5,18700,100.50_101.00_101.50_102.00_102.50_,2420_5742_2483_3574_894_,100.00_99.90_99.80_99.70_99.60_,5761_796_685_563_287_
13:15:36,100.50,4,18713,100.50_101.00_101.50_102.00_102.50_,2426_5738_2483_3574_894_,100.00_99.90_99.80_99.70_99.60_,5768_795_618_630_287_
13:15:46,100.50,3,18724,100.50_101.00_101.50_102.00_102.50_,2424_5738_2485_3574_894_,100.00_99.90_99.80_99.70_99.60_,5750_795_618_620_287_
13:15:57,100.00,3,18729,100.50_101.00_101.50_102.00_102.50_,2431_5738_2485_3574_894_,100.00_99.90_99.80_99.70_99.60_,5746_795_685_553_287_
13:16:07,100.00,13,18745,100.50_101.00_101.50_102.00_102.50_,2420_5741_2485_3574_894_,100.00_99.90_99.80_99.70_99.60_,5741_795_618_620_287_
13:16:48,100.50,1,18788,100.50_101.00_101.50_102.00_102.50_,2428_5730_2485_3572_894_,100.00_99.90_99.80_99.70_99.60_,5748_796_618_620_287_
13:16:58,100.00,7,18797,100.50_101.00_101.50_102.00_102.50_,2440_5753_2485_3572_894_,100.00_99.90_99.80_99.70_99.60_,5743_796_618_620_287_
13:17:08,100.50,4,18808,100.50_101.00_101.50_102.00_102.50_,2422_5747_2485_3572_894_,100.00_99.90_99.80_99.70_99.60_,5750_796_618_620_287_
13:17:18,100.50,5,18816,100.50_101.00_101.50_102.00_102.50_,2419_5735_2485_3572_894_,100.00_99.90_99.80_99.70_99.60_,5753_796_618_620_287_
13:17:39,100.50,6,18840,100.50_101.00_101.50_102.00_102.50_,2418_5710_2485_3571_893_,100.00_99.90_99.80_99.70_99.60_,5755_797_618_620_287_
13:17:59,100.50,6,18857,100.50_101.00_101.50_102.00_102.50_,2412_5694_2485_3779_893_,100.00_99.90_99.80_99.70_99.60_,5748_797_685_553_287_
13:18:09,100.50,7,18866,100.50_101.00_101.50_102.00_102.50_,2405_5693_2485_3779_893_,100.00_99.90_99.80_99.70_99.60_,5751_797_618_620_287_
13:18:19,100.50,4,18871,100.50_101.00_101.50_102.00_102.50_,2404_5681_2485_3780_893_,100.00_99.90_99.80_99.70_99.60_,5748_797_618_620_287_
13:18:30,100.00,7,18899,100.50_101.00_101.50_102.00_102.50_,2404_5678_2485_3780_892_,100.00_99.90_99.80_99.70_99.60_,5749_797_618_620_287_
13:18:50,100.00,3,18919,100.50_101.00_101.50_102.00_102.50_,2396_5672_2485_3782_892_,100.00_99.90_99.80_99.70_99.60_,5746_797_618_620_287_
13:19:10,100.50,33,18981,100.50_101.00_101.50_102.00_102.50_,2348_5674_2485_3782_892_,100.00_99.90_99.80_99.70_99.60_,5737_798_618_620_287_
13:19:15,100.50,4,18985,100.50_101.00_101.50_102.00_102.50_,2354_5671_2485_3782_892_,100.00_99.90_99.80_99.70_99.60_,5737_798_618_620_287_
13:19:31,100.50,12,19006,100.50_101.00_101.50_102.00_102.50_,2356_5663_2485_3783_892_,100.00_99.90_99.80_99.70_99.60_,5738_798_685_553_287_
13:19:36,100.50,4,19010,100.50_101.00_101.50_102.00_102.50_,2354_5660_2485_3783_892_,100.00_99.90_99.80_99.70_99.60_,5739_798_618_620_287_
13:19:46,100.50,4,19017,100.50_101.00_101.50_102.00_102.50_,2354_5658_2485_3783_892_,100.00_99.90_99.80_99.70_99.60_,5745_798_618_620_287_
13:19:56,100.50,5,19023,100.50_101.00_101.50_102.00_102.50_,2357_5657_2485_3783_892_,100.00_99.90_99.80_99.70_99.60_,5747_798_685_553_287_
13:20:37,100.50,17,19077,100.50_101.00_101.50_102.00_102.50_,2313_5661_2485_3783_892_,100.00_99.90_99.80_99.70_99.60_,5747_797_618_620_287_
13:20:58,100.50,18,19102,100.50_101.00_101.50_102.00_102.50_,2404_5664_2485_3782_892_,100.00_99.90_99.80_99.70_99.60_,5732_797_618_620_287_
13:21:08,100.50,2,19137,100.50_101.00_101.50_102.00_102.50_,2380_5664_2485_3782_892_,100.00_99.90_99.80_99.70_99.60_,5712_797_685_553_287_
13:21:18,100.50,2,19142,100.50_101.00_101.50_102.00_102.50_,2377_5669_2485_3782_892_,100.00_99.90_99.80_99.70_99.60_,5710_797_618_620_287_
13:21:28,100.50,3,19149,100.50_101.00_101.50_102.00_102.50_,2391_5669_2485_3782_892_,100.00_99.90_99.80_99.70_99.60_,5711_797_618_620_287_
13:21:38,100.50,10,19165,100.50_101.00_101.50_102.00_102.50_,2375_5666_2485_3782_892_,100.00_99.90_99.80_99.70_99.60_,5711_797_618_620_287_
13:21:49,100.50,2,19174,100.50_101.00_101.50_102.00_102.50_,2329_5666_2485_3782_892_,100.00_99.90_99.80_99.70_99.60_,5711_797_618_620_287_
13:21:59,100.00,7,19183,100.50_101.00_101.50_102.00_102.50_,2326_5666_2485_3781_892_,100.00_99.90_99.80_99.70_99.60_,5707_797_685_553_287_
13:22:09,100.50,8,19195,100.50_101.00_101.50_102.00_102.50_,2317_5666_2485_3781_892_,100.00_99.90_99.80_99.70_99.60_,5706_797_618_620_287_
13:22:19,100.50,3,19254,100.50_101.00_101.50_102.00_102.50_,2315_5666_2485_3781_892_,100.00_99.90_99.80_99.70_99.60_,5659_797_685_553_781_
13:23:00,100.50,8,19305,100.50_101.00_101.50_102.00_102.50_,2293_5668_2485_3781_892_,100.00_99.90_99.80_99.70_99.60_,6042_797_618_620_781_
13:23:05,100.50,11,19316,100.50_101.00_101.50_102.00_102.50_,2285_5668_2485_3781_892_,100.00_99.90_99.80_99.70_99.60_,6042_797_618_620_780_
13:23:15,100.00,5,19328,100.50_101.00_101.50_102.00_102.50_,2282_5669_2485_3781_892_,100.00_99.90_99.80_99.70_99.60_,6041_797_618_620_780_
13:23:31,100.50,7,19348,100.50_101.00_101.50_102.00_102.50_,2273_5674_2484_3777_892_,100.00_99.90_99.80_99.70_99.60_,6038_800_686_553_780_
13:23:36,100.00,1,19349,100.50_101.00_101.50_102.00_102.50_,2272_5674_2484_3777_892_,100.00_99.90_99.80_99.70_99.60_,6045_800_618_620_780_
13:23:46,100.00,2,19353,100.50_101.00_101.50_102.00_102.50_,2273_5674_2484_3777_892_,100.00_99.90_99.80_99.70_99.60_,6004_800_686_553_780_
13:23:56,100.00,2,19362,100.50_101.00_101.50_102.00_102.50_,2272_5674_2484_3777_892_,100.00_99.90_99.80_99.70_99.60_,6003_800_686_553_780_
13:24:07,100.00,25,19400,100.50_101.00_101.50_102.00_102.50_,2241_5674_2484_3777_892_,100.00_99.90_99.80_99.70_99.60_,5768_800_618_621_780_
13:24:27,100.00,4,19420,100.50_101.00_101.50_102.00_102.50_,2225_5676_2484_3771_892_,100.00_99.90_99.80_99.70_99.60_,5769_993_686_553_780_
13:24:37,100.50,3,19433,100.50_101.00_101.50_102.00_102.50_,2221_5645_2404_3771_892_,100.00_99.90_99.80_99.70_99.60_,5767_993_618_621_780_
13:24:47,100.00,4,19450,100.50_101.00_101.50_102.00_102.50_,2220_5645_2404_3771_892_,100.00_99.90_99.80_99.70_99.60_,5754_993_686_553_780_
13:25:15,100.00,3,19460,100.50_101.00_101.50_102.00_102.50_,2097_5486_2763_4295_886_,100.00_99.90_99.80_99.70_99.60_,4684_993_686_547_775_
13:25:36,100.00,3,19460,100.50_101.00_101.50_102.00_102.50_,2107_5486_2753_4295_887_,100.00_99.90_99.80_99.70_99.60_,4538_993_686_547_775_
13:25:46,100.00,3,19460,100.50_101.00_101.50_102.00_102.50_,2107_5485_2753_4295_887_,100.00_99.90_99.80_99.70_99.60_,4518_993_686_547_770_
13:26:01,100.00,3,19460,100.50_101.00_101.50_102.00_102.50_,2102_5485_2753_4295_887_,100.00_99.90_99.80_99.70_99.60_,4338_993_686_547_770_
13:26:06,100.00,3,19460,100.50_101.00_101.50_102.00_102.50_,2122_5485_2753_4295_887_,100.00_99.90_99.80_99.70_99.60_,4271_993_686_547_770_
13:26:17,100.00,3,19460,100.50_101.00_101.50_102.00_102.50_,2122_5485_2753_4295_887_,100.00_99.90_99.80_99.70_99.60_,4185_993_686_548_770_
13:26:27,100.00,3,19460,100.50_101.00_101.50_102.00_102.50_,2123_5484_2753_4295_887_,100.00_99.90_99.80_99.70_99.60_,4188_993_686_548_770_
13:26:47,100.00,3,19460,100.50_101.00_101.50_102.00_102.50_,2107_5479_2751_4295_887_,100.00_99.90_99.80_99.70_99.60_,4145_993_686_548_770_
13:27:08,100.00,3,19460,100.50_101.00_101.50_102.00_102.50_,2101_5474_2750_4295_887_,100.00_99.90_99.80_99.70_99.60_,3554_993_686_548_770_
13:27:38,100.00,3,19460,100.50_101.00_101.50_102.00_102.50_,3102_5473_2750_4295_887_,100.00_99.90_99.80_99.70_99.60_,3540_993_680_548_1064_
13:27:48,100.00,3,19460,100.50_101.00_101.50_102.00_102.50_,3697_5470_2750_4295_887_,100.00_99.90_99.80_99.70_99.60_,3542_993_679_548_1064_
13:28:19,100.00,3,19460,100.50_101.00_101.50_102.00_102.50_,3743_5469_2750_4292_887_,100.00_99.90_99.80_99.70_99.60_,3548_959_679_547_1065_
13:28:39,100.00,3,19460,100.50_101.00_101.50_102.00_102.50_,3751_5469_2750_4292_882_,100.00_99.90_99.80_99.70_99.60_,3542_959_679_547_1065_
13:28:49,100.00,3,19460,100.50_101.00_101.50_102.00_102.50_,3750_5469_2750_4292_882_,100.00_99.90_99.80_99.70_99.60_,3562_959_679_547_1064_
13:29:00,100.00,3,19460,100.50_101.00_101.50_102.00_102.50_,3744_5469_2750_4292_881_,100.00_99.90_99.80_99.70_99.60_,3571_959_679_547_1064_
13:29:10,100.00,3,19460,100.50_101.00_101.50_102.00_102.50_,3746_5469_2750_4292_881_,100.00_99.90_99.80_99.70_99.60_,3572_959_679_547_1064_
13:29:20,100.00,3,19460,100.50_101.00_101.50_102.00_102.50_,3746_5473_2750_4292_881_,100.00_99.90_99.80_99.70_99.60_,3567_959_679_546_1064_
13:29:51,100.00,3,19460,100.50_101.00_101.50_102.00_102.50_,3746_5501_2750_4292_881_,100.00_99.90_99.80_99.70_99.60_,3596_959_684_546_1064_
13:30:00,100.00,2308,21768,100.50_101.00_101.50_102.00_102.50_,3746_5501_2749_4292_881_,100.00_99.90_99.80_99.70_99.60_,3609_959_684_546_1064_
