09:00:07,10.22,316,316,10.23_10.24_10.25_10.26_10.27_,75_105_24_65_170_,10.22_10.21_10.20_10.19_10.18_,19_135_362_185_230_
09:00:22,10.22,316,316,10.23_10.24_10.25_10.26_10.27_,75_105_24_65_170_,10.22_10.21_10.20_10.19_10.18_,69_135_364_185_230_
09:00:37,10.22,316,316,10.23_10.24_10.25_10.26_10.27_,75_105_24_166_170_,10.22_10.21_10.20_10.19_10.18_,85_235_364_185_230_
09:00:48,10.22,316,316,10.23_10.24_10.25_10.26_10.27_,75_105_74_167_170_,10.22_10.21_10.20_10.19_10.18_,85_235_364_185_230_
09:00:53,10.22,316,316,10.23_10.24_10.25_10.26_10.27_,75_105_74_217_170_,10.22_10.21_10.20_10.19_10.18_,35_235_364_185_230_
09:01:18,10.22,316,316,10.23_10.24_10.25_10.26_10.27_,75_105_74_217_120_,10.22_10.21_10.20_10.19_10.18_,97_235_364_185_232_
09:01:29,10.23,75,391,10.24_10.25_10.26_10.27_10.28_,105_74_217_120_215_,10.23_10.22_10.21_10.20_10.19_,15_187_235_364_185_
09:01:49,10.23,75,391,10.24_10.25_10.26_10.27_10.28_,115_74_167_70_235_,10.23_10.22_10.21_10.20_10.19_,115_187_185_465_235_
09:02:20,10.24,10,506,10.25_10.26_10.27_10.28_10.29_,74_167_70_235_159_,10.24_10.23_10.22_10.21_10.20_,90_230_117_185_467_
09:02:25,10.24,10,506,10.25_10.26_10.27_10.28_10.29_,74_167_20_185_159_,10.24_10.23_10.22_10.21_10.20_,180_230_117_285_517_
09:02:51,10.24,18,524,10.25_10.26_10.27_10.28_10.29_,84_167_20_185_159_,10.24_10.23_10.22_10.21_10.20_,106_230_207_285_537_
09:03:11,10.25,10,534,10.25_10.26_10.27_10.28_10.29_,78_167_20_185_159_,10.24_10.23_10.22_10.21_10.20_,106_230_207_295_537_
09:03:16,10.24,5,539,10.25_10.26_10.27_10.28_10.29_,78_167_20_185_159_,10.24_10.23_10.22_10.21_10.20_,101_240_207_295_537_
09:03:52,10.24,1,540,10.25_10.26_10.27_10.28_10.29_,123_167_20_185_159_,10.24_10.23_10.22_10.21_10.20_,102_240_207_291_537_
09:04:18,10.24,1,540,10.25_10.26_10.27_10.28_10.29_,123_167_20_185_149_,10.24_10.23_10.22_10.21_10.20_,112_240_207_291_537_
09:04:38,10.24,10,550,10.25_10.26_10.27_10.28_10.29_,123_167_20_185_152_,10.24_10.23_10.22_10.21_10.20_,102_240_207_291_537_
09:04:43,10.24,10,550,10.25_10.26_10.27_10.28_10.29_,125_167_60_219_152_,10.24_10.23_10.22_10.21_10.20_,102_288_248_368_537_
09:04:58,10.24,10,550,10.25_10.26_10.27_10.28_10.29_,125_167_60_219_152_,10.24_10.23_10.22_10.21_10.20_,102_150_158_332_564_
09:05:24,10.24,10,550,10.25_10.26_10.27_10.28_10.29_,140_170_60_219_159_,10.24_10.23_10.22_10.21_10.20_,103_151_208_332_564_
09:05:50,10.25,50,600,10.25_10.26_10.27_10.28_10.29_,90_170_60_219_159_,10.24_10.23_10.22_10.21_10.20_,103_151_208_332_564_
09:06:00,10.25,50,600,10.25_10.26_10.27_10.28_10.29_,80_170_60_219_159_,10.24_10.23_10.22_10.21_10.20_,53_241_298_332_564_
09:06:05,10.25,50,600,10.25_10.26_10.27_10.28_10.29_,82_180_60_223_159_,10.24_10.23_10.22_10.21_10.20_,53_241_298_332_564_
09:06:20,10.25,50,600,10.25_10.26_10.27_10.28_10.29_,80_180_60_227_159_,10.24_10.23_10.22_10.21_10.20_,58_241_298_332_564_
09:06:31,10.25,10,610,10.25_10.26_10.27_10.28_10.29_,70_180_60_227_209_,10.24_10.23_10.22_10.21_10.20_,68_241_238_332_564_
09:07:06,10.25,2,616,10.25_10.26_10.27_10.28_10.29_,64_180_60_227_159_,10.24_10.23_10.22_10.21_10.20_,78_241_238_332_564_
09:07:17,10.25,2,616,10.25_10.26_10.27_10.28_10.29_,64_180_64_227_159_,10.24_10.23_10.22_10.21_10.20_,88_241_238_332_564_
09:07:27,10.25,10,626,10.25_10.26_10.27_10.28_10.29_,44_180_67_227_209_,10.24_10.23_10.22_10.21_10.20_,88_241_238_332_564_
09:07:58,10.25,41,670,10.26_10.27_10.28_10.29_10.30_,180_27_153_209_339_,10.25_10.24_10.23_10.22_10.21_,9_85_151_300_382_
09:08:08,10.25,5,675,10.26_10.27_10.28_10.29_10.30_,190_43_153_209_342_,10.25_10.24_10.23_10.22_10.21_,14_85_151_259_341_
09:08:49,10.25,5,680,10.26_10.27_10.28_10.29_10.30_,190_43_153_209_342_,10.25_10.24_10.23_10.22_10.21_,9_85_151_259_341_
09:09:10,10.25,10,699,10.25_10.26_10.27_10.28_10.29_,38_140_43_203_259_,10.24_10.23_10.22_10.21_10.20_,85_246_249_291_487_
09:09:20,10.25,10,699,10.25_10.26_10.27_10.28_10.29_,38_140_43_203_259_,10.24_10.23_10.22_10.21_10.20_,85_346_249_291_487_
09:10:06,10.25,10,699,10.25_10.26_10.27_10.28_10.29_,39_180_77_203_259_,10.24_10.23_10.22_10.21_10.20_,85_346_297_332_564_
09:10:32,10.25,10,699,10.25_10.26_10.27_10.28_10.29_,39_180_77_203_259_,10.24_10.23_10.22_10.21_10.20_,70_346_297_332_564_
09:10:57,10.25,5,704,10.25_10.26_10.27_10.28_10.29_,34_180_78_203_259_,10.24_10.23_10.22_10.21_10.20_,70_346_297_337_565_
09:11:28,10.25,5,704,10.25_10.26_10.27_10.28_10.29_,49_180_79_203_259_,10.24_10.23_10.22_10.21_10.20_,70_346_297_337_565_
09:11:48,10.24,10,714,10.25_10.26_10.27_10.28_10.29_,49_180_84_203_259_,10.24_10.23_10.22_10.21_10.20_,60_346_297_337_565_
09:11:54,10.24,10,714,10.25_10.26_10.27_10.28_10.29_,51_180_84_203_259_,10.24_10.23_10.22_10.21_10.20_,60_346_297_337_565_
09:12:19,10.25,10,724,10.25_10.26_10.27_10.28_10.29_,48_180_84_203_259_,10.24_10.23_10.22_10.21_10.20_,62_346_307_337_565_
09:12:40,10.25,10,724,10.25_10.26_10.27_10.28_10.29_,48_170_84_203_159_,10.24_10.23_10.22_10.21_10.20_,62_246_307_337_565_
09:12:50,10.25,5,729,10.25_10.26_10.27_10.28_10.29_,53_170_84_203_159_,10.24_10.23_10.22_10.21_10.20_,62_246_307_337_565_
09:13:41,10.24,10,739,10.25_10.26_10.27_10.28_10.29_,63_170_96_203_160_,10.24_10.23_10.22_10.21_10.20_,52_246_307_337_565_
09:13:51,10.24,10,739,10.25_10.26_10.27_10.28_10.29_,63_170_96_203_160_,10.24_10.23_10.22_10.21_10.20_,52_246_307_337_565_
09:14:01,10.24,2,741,10.25_10.26_10.27_10.28_10.29_,63_70_196_203_160_,10.24_10.23_10.22_10.21_10.20_,51_246_307_337_565_
09:14:12,10.25,1,742,10.25_10.26_10.27_10.28_10.29_,62_70_196_203_160_,10.24_10.23_10.22_10.21_10.20_,51_246_307_337_565_
09:14:32,10.24,1,743,10.25_10.26_10.27_10.28_10.29_,82_70_196_203_160_,10.24_10.23_10.22_10.21_10.20_,50_251_307_337_565_
09:15:18,10.24,1,743,10.25_10.26_10.27_10.28_10.29_,82_95_196_203_160_,10.24_10.23_10.22_10.21_10.20_,140_251_217_337_565_
09:15:44,10.24,2,745,10.25_10.26_10.27_10.28_10.29_,82_95_196_203_160_,10.24_10.23_10.22_10.21_10.20_,338_251_217_337_570_
09:16:30,10.24,2,745,10.25_10.26_10.27_10.28_10.29_,82_95_196_203_160_,10.24_10.23_10.22_10.21_10.20_,341_251_217_337_570_
09:17:11,10.24,1,746,10.25_10.26_10.27_10.28_10.29_,82_99_196_203_160_,10.24_10.23_10.22_10.21_10.20_,340_251_217_337_570_
09:17:16,10.24,1,746,10.25_10.26_10.27_10.28_10.29_,82_99_96_303_160_,10.24_10.23_10.22_10.21_10.20_,340_251_217_337_570_
09:17:26,10.24,1,746,10.25_10.26_10.27_10.28_10.29_,92_99_96_303_160_,10.24_10.23_10.22_10.21_10.20_,340_251_217_337_570_
09:17:57,10.24,1,746,10.25_10.26_10.27_10.28_10.29_,92_103_96_303_160_,10.24_10.23_10.22_10.21_10.20_,340_251_217_337_570_
09:18:38,10.24,1,746,10.25_10.26_10.27_10.28_10.29_,152_103_62_303_160_,10.24_10.23_10.22_10.21_10.20_,251_251_259_337_534_
09:18:43,10.24,1,746,10.25_10.26_10.27_10.28_10.29_,112_103_96_303_160_,10.24_10.23_10.22_10.21_10.20_,341_251_217_337_570_
09:18:53,10.24,1,746,10.25_10.26_10.27_10.28_10.29_,152_103_62_303_160_,10.24_10.23_10.22_10.21_10.20_,251_251_259_337_534_
09:20:00,10.24,1,746,10.25_10.26_10.27_10.28_10.29_,152_103_62_303_160_,10.24_10.23_10.22_10.21_10.20_,251_251_209_337_535_
09:20:10,10.24,1,746,10.25_10.26_10.27_10.28_10.29_,152_109_62_303_160_,10.24_10.23_10.22_10.21_10.20_,251_251_259_337_535_
09:20:26,10.24,1,746,10.25_10.26_10.27_10.28_10.29_,152_109_62_303_160_,10.24_10.23_10.22_10.21_10.20_,266_251_209_337_535_
09:20:46,10.24,1,746,10.25_10.26_10.27_10.28_10.29_,152_109_62_305_160_,10.24_10.23_10.22_10.21_10.20_,266_251_209_337_535_
09:21:12,10.24,1,746,10.25_10.26_10.27_10.28_10.29_,152_109_62_305_160_,10.24_10.23_10.22_10.21_10.20_,266_251_259_337_535_
09:21:22,10.24,3,749,10.25_10.26_10.27_10.28_10.29_,152_109_62_305_160_,10.24_10.23_10.22_10.21_10.20_,263_251_259_337_535_
09:21:37,10.24,3,749,10.25_10.26_10.27_10.28_10.29_,152_89_62_305_210_,10.24_10.23_10.22_10.21_10.20_,263_251_209_337_535_
09:21:42,10.24,3,749,10.25_10.26_10.27_10.28_10.29_,152_89_82_305_210_,10.24_10.23_10.22_10.21_10.20_,263_251_209_337_535_
09:22:03,10.24,3,749,10.25_10.26_10.27_10.28_10.29_,162_89_82_305_210_,10.24_10.23_10.22_10.21_10.20_,263_251_209_337_535_
09:22:28,10.24,3,749,10.25_10.26_10.27_10.28_10.29_,162_89_82_305_160_,10.24_10.23_10.22_10.21_10.20_,264_251_209_337_535_
09:22:39,10.24,3,749,10.25_10.26_10.27_10.28_10.29_,162_89_82_305_160_,10.24_10.23_10.22_10.21_10.20_,354_251_119_337_535_
09:22:54,10.24,30,779,10.25_10.26_10.27_10.28_10.29_,162_89_182_205_160_,10.24_10.23_10.22_10.21_10.20_,324_251_219_237_535_
09:23:04,10.24,30,779,10.25_10.26_10.27_10.28_10.29_,162_89_182_205_160_,10.24_10.23_10.22_10.21_10.20_,234_251_309_237_535_
09:24:00,10.24,30,779,10.25_10.26_10.27_10.28_10.29_,172_89_182_205_160_,10.24_10.23_10.22_10.21_10.20_,234_251_309_237_535_
09:24:05,10.24,30,779,10.25_10.26_10.27_10.28_10.29_,172_89_182_205_210_,10.24_10.23_10.22_10.21_10.20_,234_251_309_237_535_
09:24:36,10.24,40,859,10.25_10.26_10.27_10.28_10.29_,171_83_182_205_210_,10.24_10.23_10.22_10.21_10.20_,154_251_357_237_571_
09:24:52,10.24,1,863,10.25_10.26_10.27_10.28_10.29_,174_83_182_205_210_,10.24_10.23_10.22_10.21_10.20_,150_161_219_187_535_
09:25:02,10.24,1,863,10.25_10.26_10.27_10.28_10.29_,179_83_192_205_210_,10.24_10.23_10.22_10.21_10.20_,150_161_219_187_535_
09:25:17,10.24,1,863,10.25_10.26_10.27_10.28_10.29_,179_88_192_201_210_,10.24_10.23_10.22_10.21_10.20_,150_161_219_187_535_
09:25:27,10.24,1,863,10.25_10.26_10.27_10.28_10.29_,202_88_192_251_210_,10.24_10.23_10.22_10.21_10.20_,150_161_219_187_535_
09:25:38,10.24,4,867,10.25_10.26_10.27_10.28_10.29_,182_88_192_251_210_,10.24_10.23_10.22_10.21_10.20_,146_162_219_187_535_
09:25:48,10.24,20,907,10.25_10.26_10.27_10.28_10.29_,182_88_172_251_210_,10.24_10.23_10.22_10.21_10.20_,106_162_219_187_535_
09:25:53,10.24,3,910,10.25_10.26_10.27_10.28_10.29_,182_88_172_251_210_,10.24_10.23_10.22_10.21_10.20_,103_162_119_287_535_
09:26:13,10.24,5,915,10.25_10.26_10.27_10.28_10.29_,179_88_172_251_210_,10.24_10.23_10.22_10.21_10.20_,98_162_119_287_535_
09:26:24,10.24,1,916,10.25_10.26_10.27_10.28_10.29_,179_88_172_251_210_,10.24_10.23_10.22_10.21_10.20_,97_162_119_287_535_
09:26:34,10.24,10,926,10.25_10.26_10.27_10.28_10.29_,179_88_172_251_210_,10.24_10.23_10.22_10.21_10.20_,87_162_119_287_535_
09:26:44,10.24,5,931,10.25_10.26_10.27_10.28_10.29_,179_88_172_251_210_,10.24_10.23_10.22_10.21_10.20_,82_162_119_287_535_
09:27:30,10.25,5,972,10.25_10.26_10.27_10.28_10.29_,181_83_172_251_211_,10.24_10.23_10.22_10.21_10.20_,46_162_99_267_510_
09:28:01,10.24,46,1018,10.24_10.25_10.26_10.27_10.28_,14_141_49_172_251_,10.23_10.22_10.21_10.20_10.19_,162_99_226_469_235_
09:28:06,10.24,46,1018,10.24_10.25_10.26_10.27_10.28_,14_141_49_222_301_,10.23_10.22_10.21_10.20_10.19_,162_99_126_419_235_
09:28:21,10.24,46,1018,10.24_10.25_10.26_10.27_10.28_,44_142_49_222_301_,10.23_10.22_10.21_10.20_10.19_,62_99_126_419_235_
09:28:32,10.24,46,1018,10.24_10.25_10.26_10.27_10.28_,44_144_49_222_301_,10.23_10.22_10.21_10.20_10.19_,62_149_126_419_235_
09:28:42,10.24,46,1018,10.24_10.25_10.26_10.27_10.28_,49_144_49_222_301_,10.23_10.22_10.21_10.20_10.19_,62_139_126_419_235_
09:28:57,10.24,46,1018,10.24_10.25_10.26_10.27_10.28_,19_144_49_222_301_,10.23_10.22_10.21_10.20_10.19_,62_139_126_419_235_
09:29:23,10.24,46,1018,10.24_10.25_10.26_10.27_10.28_,19_151_49_222_251_,10.23_10.22_10.21_10.20_10.19_,62_139_126_369_185_
09:29:43,10.23,50,1068,10.24_10.25_10.26_10.27_10.28_,19_151_49_222_251_,10.23_10.22_10.21_10.20_10.19_,12_139_126_369_185_
09:30:19,10.23,50,1068,10.24_10.25_10.26_10.27_10.28_,178_205_49_118_251_,10.23_10.22_10.21_10.20_10.19_,27_139_26_417_326_
09:30:30,10.23,27,1095,10.23_10.24_10.25_10.26_10.27_,40_174_171_99_168_,10.22_10.21_10.20_10.19_10.18_,139_26_306_276_259_
09:30:40,10.23,27,1095,10.23_10.24_10.25_10.26_10.27_,14_174_305_99_168_,10.22_10.21_10.20_10.19_10.18_,139_116_396_276_259_
09:30:50,10.23,10,1105,10.24_10.25_10.26_10.27_10.28_,174_295_99_168_251_,10.23_10.22_10.21_10.20_10.19_,45_229_164_306_312_
09:31:00,10.23,10,1105,10.24_10.25_10.26_10.27_10.28_,178_295_149_118_251_,10.23_10.22_10.21_10.20_10.19_,45_139_74_416_362_
09:31:11,10.23,10,1105,10.24_10.25_10.26_10.27_10.28_,178_195_149_118_251_,10.23_10.22_10.21_10.20_10.19_,135_229_74_416_362_
09:31:21,10.23,1,1106,10.24_10.25_10.26_10.27_10.28_,78_295_149_118_251_,10.23_10.22_10.21_10.20_10.19_,44_229_164_421_362_
09:31:26,10.23,1,1106,10.24_10.25_10.26_10.27_10.28_,78_345_249_168_251_,10.23_10.22_10.21_10.20_10.19_,44_329_315_471_357_
09:31:57,10.22,10,1160,10.24_10.25_10.26_10.27_10.28_,88_445_333_218_301_,10.22_10.21_10.20_10.19_10.18_,321_315_471_407_232_
09:32:17,10.24,10,1170,10.24_10.25_10.26_10.27_10.28_,168_445_299_218_301_,10.22_10.21_10.20_10.19_10.18_,321_315_471_357_232_
09:32:37,10.24,10,1170,10.24_10.25_10.26_10.27_10.28_,164_445_299_218_301_,10.22_10.21_10.20_10.19_10.18_,326_315_471_357_232_
09:32:48,10.24,10,1170,10.24_10.25_10.26_10.27_10.28_,164_449_299_218_301_,10.22_10.21_10.20_10.19_10.18_,326_267_471_321_309_
09:33:18,10.23,6,1176,10.23_10.24_10.25_10.26_10.27_,40_164_515_299_218_,10.22_10.21_10.20_10.19_10.18_,248_217_472_321_309_
09:33:29,10.23,6,1176,10.23_10.24_10.25_10.26_10.27_,6_164_549_299_218_,10.22_10.21_10.20_10.19_10.18_,248_265_472_357_232_
09:33:39,10.23,6,1176,10.23_10.24_10.25_10.26_10.27_,6_114_399_299_218_,10.22_10.21_10.20_10.19_10.18_,248_217_472_371_309_
09:33:59,10.23,6,1182,10.24_10.25_10.26_10.27_10.28_,64_349_299_218_301_,10.23_10.22_10.21_10.20_10.19_,114_348_225_472_407_
09:34:10,10.23,1,1183,10.24_10.25_10.26_10.27_10.28_,114_349_299_218_301_,10.23_10.22_10.21_10.20_10.19_,24_348_267_472_321_
09:34:30,10.23,23,1207,10.23_10.24_10.25_10.26_10.27_,18_114_315_299_218_,10.22_10.21_10.20_10.19_10.18_,348_267_472_321_309_
09:34:40,10.23,23,1207,10.23_10.24_10.25_10.26_10.27_,41_164_365_299_218_,10.22_10.21_10.20_10.19_10.18_,248_217_472_321_309_
09:34:56,10.23,23,1207,10.23_10.24_10.25_10.26_10.27_,41_164_375_299_218_,10.22_10.21_10.20_10.19_10.18_,248_217_472_321_309_
09:35:06,10.23,23,1207,10.23_10.24_10.25_10.26_10.27_,42_164_365_309_218_,10.22_10.21_10.20_10.19_10.18_,248_222_472_321_309_
09:35:27,10.23,23,1207,10.23_10.24_10.25_10.26_10.27_,42_164_365_309_218_,10.22_10.21_10.20_10.19_10.18_,246_222_473_321_309_
09:35:37,10.23,23,1207,10.23_10.24_10.25_10.26_10.27_,42_164_365_309_218_,10.22_10.21_10.20_10.19_10.18_,246_223_473_321_309_
09:35:42,10.23,23,1207,10.23_10.24_10.25_10.26_10.27_,42_164_365_309_218_,10.22_10.21_10.20_10.19_10.18_,156_223_515_321_273_
09:35:57,10.23,23,1207,10.23_10.24_10.25_10.26_10.27_,92_164_365_309_218_,10.22_10.21_10.20_10.19_10.18_,246_223_473_321_259_
09:37:30,10.22,3,1260,10.23_10.24_10.25_10.26_10.27_,42_164_365_309_218_,10.22_10.21_10.20_10.19_10.18_,103_228_563_321_309_
09:37:40,10.22,3,1260,10.23_10.24_10.25_10.26_10.27_,2_164_399_309_218_,10.22_10.21_10.20_10.19_10.18_,103_228_563_221_409_
09:37:50,10.22,3,1260,10.23_10.24_10.25_10.26_10.27_,1_174_399_309_218_,10.22_10.21_10.20_10.19_10.18_,103_228_565_221_410_
09:38:11,10.22,3,1260,10.23_10.24_10.25_10.26_10.27_,2_174_399_309_218_,10.22_10.21_10.20_10.19_10.18_,103_228_565_221_410_
09:38:16,10.22,3,1260,10.23_10.24_10.25_10.26_10.27_,2_174_399_309_218_,10.22_10.21_10.20_10.19_10.18_,193_276_475_257_333_
09:38:57,10.22,1,1261,10.23_10.24_10.25_10.26_10.27_,2_124_399_309_218_,10.22_10.21_10.20_10.19_10.18_,192_271_475_307_333_
09:39:17,10.22,1,1261,10.23_10.24_10.25_10.26_10.27_,2_124_399_309_218_,10.22_10.21_10.20_10.19_10.18_,109_270_566_307_333_
09:40:08,10.22,1,1261,10.23_10.24_10.25_10.26_10.27_,2_184_399_243_218_,10.22_10.21_10.20_10.19_10.18_,119_290_567_407_233_
09:40:19,10.22,1,1261,10.23_10.24_10.25_10.26_10.27_,2_84_449_243_218_,10.22_10.21_10.20_10.19_10.18_,257_290_556_330_233_
09:40:39,10.23,2,1263,10.24_10.25_10.26_10.27_10.28_,34_365_193_252_321_,10.23_10.22_10.21_10.20_10.19_,136_352_339_479_330_
09:40:50,10.24,10,1273,10.24_10.25_10.26_10.27_10.28_,24_365_159_202_355_,10.23_10.22_10.21_10.20_10.19_,136_402_339_479_330_
09:41:31,10.24,10,1273,10.24_10.25_10.26_10.27_10.28_,74_415_199_252_321_,10.23_10.22_10.21_10.20_10.19_,88_352_303_556_330_
09:42:06,10.23,5,1278,10.24_10.25_10.26_10.27_10.28_,48_261_299_202_321_,10.23_10.22_10.21_10.20_10.19_,146_402_339_479_330_
09:42:17,10.24,10,1288,10.24_10.25_10.26_10.27_10.28_,38_261_299_202_321_,10.23_10.22_10.21_10.20_10.19_,146_402_339_479_330_
09:42:37,10.24,38,1326,10.25_10.26_10.27_10.28_10.29_,261_259_202_315_211_,10.24_10.23_10.22_10.21_10.20_,50_198_312_339_479_
09:42:42,10.24,38,1326,10.25_10.26_10.27_10.28_10.29_,211_109_302_315_211_,10.24_10.23_10.22_10.21_10.20_,50_298_362_334_479_
09:43:08,10.23,10,1336,10.25_10.26_10.27_10.28_10.29_,211_149_302_281_211_,10.24_10.23_10.22_10.21_10.20_,50_213_362_334_479_
09:43:18,10.23,10,1336,10.24_10.25_10.26_10.27_10.28_,5_261_199_302_281_,10.23_10.22_10.21_10.20_10.19_,163_402_334_479_460_
09:43:33,10.23,10,1336,10.24_10.25_10.26_10.27_10.28_,5_261_199_302_331_,10.23_10.22_10.21_10.20_10.19_,65_402_298_556_460_
09:44:09,10.24,5,1341,10.25_10.26_10.27_10.28_10.29_,215_149_302_286_211_,10.24_10.23_10.22_10.21_10.20_,50_263_462_334_479_
09:44:19,10.24,5,1341,10.25_10.26_10.27_10.28_10.29_,215_149_299_286_211_,10.24_10.23_10.22_10.21_10.20_,50_263_462_334_609_
09:44:29,10.24,5,1341,10.25_10.26_10.27_10.28_10.29_,260_149_265_286_211_,10.24_10.23_10.22_10.21_10.20_,50_215_462_298_556_
09:44:40,10.24,5,1341,10.25_10.26_10.27_10.28_10.29_,265_149_265_336_211_,10.24_10.23_10.22_10.21_10.20_,50_115_324_298_520_
09:44:50,10.24,45,1391,10.25_10.26_10.27_10.28_10.29_,265_109_265_336_214_,10.23_10.22_10.21_10.20_10.19_,115_324_298_520_537_
09:45:10,10.23,50,1441,10.25_10.26_10.27_10.28_10.29_,275_193_299_336_214_,10.23_10.22_10.21_10.20_10.19_,163_462_334_609_330_
09:45:31,10.23,50,1441,10.25_10.26_10.27_10.28_10.29_,275_196_199_386_214_,10.23_10.22_10.21_10.20_10.19_,213_462_334_609_330_
09:45:36,10.23,50,1441,10.25_10.26_10.27_10.28_10.29_,278_196_199_436_214_,10.23_10.22_10.21_10.20_10.19_,173_462_334_609_330_
09:45:57,10.23,50,1441,10.25_10.26_10.27_10.28_10.29_,303_202_199_386_214_,10.24_10.23_10.22_10.21_10.20_,10_223_462_334_481_
09:46:07,10.23,50,1441,10.25_10.26_10.27_10.28_10.29_,253_112_199_420_214_,10.24_10.23_10.22_10.21_10.20_,10_223_462_334_481_
09:46:17,10.23,50,1441,10.25_10.26_10.27_10.28_10.29_,253_152_199_386_214_,10.24_10.23_10.22_10.21_10.20_,10_223_462_334_611_
09:46:37,10.23,50,1441,10.25_10.26_10.27_10.28_10.29_,253_112_199_420_164_,10.24_10.23_10.22_10.21_10.20_,108_223_491_257_611_
09:46:48,10.23,50,1441,10.25_10.26_10.27_10.28_10.29_,253_112_199_420_214_,10.24_10.23_10.22_10.21_10.20_,10_229_455_334_611_
09:46:58,10.23,50,1441,10.25_10.26_10.27_10.28_10.29_,253_112_199_420_214_,10.24_10.23_10.22_10.21_10.20_,10_229_454_334_481_
09:47:08,10.23,50,1441,10.25_10.26_10.27_10.28_10.29_,253_112_199_420_214_,10.24_10.23_10.22_10.21_10.20_,58_230_489_257_611_
09:47:19,10.23,50,1441,10.25_10.26_10.27_10.28_10.29_,253_112_199_420_214_,10.24_10.23_10.22_10.21_10.20_,70_230_489_257_481_
09:47:24,10.23,50,1441,10.25_10.26_10.27_10.28_10.29_,253_112_199_420_214_,10.24_10.23_10.22_10.21_10.20_,70_230_489_257_611_
09:47:34,10.23,50,1441,10.25_10.26_10.27_10.28_10.29_,253_152_299_286_214_,10.24_10.23_10.22_10.21_10.20_,24_230_553_334_611_
09:48:00,10.23,50,1441,10.25_10.26_10.27_10.28_10.29_,253_152_299_286_214_,10.24_10.23_10.22_10.21_10.20_,22_182_463_334_483_
09:48:05,10.23,50,1441,10.25_10.26_10.27_10.28_10.29_,253_152_299_286_214_,10.24_10.23_10.22_10.21_10.20_,22_232_553_334_483_
09:48:20,10.24,3,1444,10.25_10.26_10.27_10.28_10.29_,253_152_299_286_214_,10.24_10.23_10.22_10.21_10.20_,19_182_463_334_483_
09:49:11,10.24,6,1455,10.25_10.26_10.27_10.28_10.29_,387_152_299_336_214_,10.24_10.23_10.22_10.21_10.20_,10_130_363_434_483_
09:49:16,10.24,6,1455,10.25_10.26_10.27_10.28_10.29_,387_152_299_286_214_,10.24_10.23_10.22_10.21_10.20_,10_180_363_434_483_
09:49:37,10.24,6,1455,10.25_10.26_10.27_10.28_10.29_,387_152_299_336_214_,10.24_10.23_10.22_10.21_10.20_,10_82_363_398_560_
09:50:08,10.24,10,1465,10.25_10.26_10.27_10.28_10.29_,387_152_299_336_214_,10.24_10.23_10.22_10.21_10.20_,1_82_363_398_558_
09:50:28,10.24,10,1465,10.25_10.26_10.27_10.28_10.29_,387_152_299_336_214_,10.24_10.23_10.22_10.21_10.20_,2_130_373_334_581_
09:50:44,10.24,2,1467,10.24_10.25_10.26_10.27_10.28_,25_437_202_349_336_,10.23_10.22_10.21_10.20_10.19_,65_273_334_581_230_
09:51:19,10.23,5,1472,10.24_10.25_10.26_10.27_10.28_,26_437_202_299_336_,10.23_10.22_10.21_10.20_10.19_,60_323_334_581_230_
09:51:40,10.23,5,1472,10.24_10.25_10.26_10.27_10.28_,26_437_202_349_336_,10.23_10.22_10.21_10.20_10.19_,60_263_344_581_232_
09:51:50,10.23,5,1472,10.24_10.25_10.26_10.27_10.28_,26_437_162_299_370_,10.23_10.22_10.21_10.20_10.19_,59_363_434_581_232_
09:51:55,10.23,5,1472,10.24_10.25_10.26_10.27_10.28_,26_437_162_299_370_,10.23_10.22_10.21_10.20_10.19_,59_314_344_581_232_
09:52:11,10.23,5,1472,10.24_10.25_10.26_10.27_10.28_,26_437_202_299_336_,10.23_10.22_10.21_10.20_10.19_,58_315_344_581_232_
09:52:16,10.23,4,1476,10.24_10.25_10.26_10.27_10.28_,26_437_202_299_336_,10.23_10.22_10.21_10.20_10.19_,54_315_344_581_232_
09:52:51,10.23,4,1476,10.24_10.25_10.26_10.27_10.28_,26_437_202_299_336_,10.23_10.22_10.21_10.20_10.19_,59_315_344_581_232_
09:53:07,10.23,4,1476,10.24_10.25_10.26_10.27_10.28_,26_437_202_299_336_,10.23_10.22_10.21_10.20_10.19_,59_365_434_581_232_
09:53:38,10.24,26,1502,10.25_10.26_10.27_10.28_10.29_,437_202_299_336_215_,10.23_10.22_10.21_10.20_10.19_,169_413_434_581_232_
09:53:48,10.24,26,1502,10.24_10.25_10.26_10.27_10.28_,1_437_202_299_336_,10.23_10.22_10.21_10.20_10.19_,169_413_434_581_232_
09:53:58,10.24,26,1502,10.24_10.25_10.26_10.27_10.28_,1_437_162_299_320_,10.23_10.22_10.21_10.20_10.19_,124_363_434_581_232_
09:54:08,10.24,26,1502,10.24_10.25_10.26_10.27_10.28_,1_437_202_299_336_,10.23_10.22_10.21_10.20_10.19_,74_363_434_581_232_
09:54:19,10.24,26,1502,10.24_10.25_10.26_10.27_10.28_,1_477_202_299_336_,10.23_10.22_10.21_10.20_10.19_,26_313_308_658_232_
09:54:49,10.24,26,1502,10.24_10.25_10.26_10.27_10.28_,1_517_212_315_336_,10.23_10.22_10.21_10.20_10.19_,26_290_308_658_232_
09:55:20,10.24,26,1502,10.24_10.25_10.26_10.27_10.28_,1_517_212_315_336_,10.23_10.22_10.21_10.20_10.19_,26_290_308_658_232_
09:55:35,10.24,26,1502,10.24_10.25_10.26_10.27_10.28_,1_517_212_315_336_,10.23_10.22_10.21_10.20_10.19_,35_297_308_658_232_
09:56:01,10.24,26,1502,10.24_10.25_10.26_10.27_10.28_,1_517_212_315_336_,10.23_10.22_10.21_10.20_10.19_,35_297_308_558_332_
09:56:27,10.24,26,1502,10.24_10.25_10.26_10.27_10.28_,151_517_262_215_338_,10.23_10.22_10.21_10.20_10.19_,35_297_258_558_332_
09:57:18,10.23,5,1507,10.24_10.25_10.26_10.27_10.28_,161_517_262_215_338_,10.23_10.22_10.21_10.20_10.19_,30_297_248_568_332_
09:57:38,10.23,5,1507,10.24_10.25_10.26_10.27_10.28_,161_477_212_249_338_,10.23_10.22_10.21_10.20_10.19_,78_297_334_491_332_
09:57:59,10.23,50,1557,10.24_10.25_10.26_10.27_10.28_,161_727_212_249_338_,10.23_10.22_10.21_10.20_10.19_,28_297_334_491_332_
09:58:09,10.23,50,1557,10.24_10.25_10.26_10.27_10.28_,161_727_172_249_372_,10.23_10.22_10.21_10.20_10.19_,48_297_334_491_332_
09:58:19,10.23,10,1567,10.24_10.25_10.26_10.27_10.28_,161_727_172_249_372_,10.23_10.22_10.21_10.20_10.19_,38_297_334_491_332_
09:58:25,10.23,10,1567,10.24_10.25_10.26_10.27_10.28_,161_727_172_199_372_,10.23_10.22_10.21_10.20_10.19_,48_347_334_491_332_
09:58:35,10.23,10,1567,10.24_10.25_10.26_10.27_10.28_,161_727_172_199_372_,10.23_10.22_10.21_10.20_10.19_,53_347_334_491_332_
09:58:50,10.23,10,1567,10.24_10.25_10.26_10.27_10.28_,161_727_172_199_372_,10.23_10.22_10.21_10.20_10.19_,53_347_333_491_332_
09:59:11,10.23,10,1625,10.24_10.25_10.26_10.27_10.28_,113_1127_212_199_338_,10.23_10.22_10.21_10.20_10.19_,43_340_333_491_332_
09:59:21,10.24,48,1678,10.24_10.25_10.26_10.27_10.28_,10_827_172_199_322_,10.23_10.22_10.21_10.20_10.19_,98_376_266_481_332_
09:59:26,10.24,48,1678,10.24_10.25_10.26_10.27_10.28_,10_827_212_199_288_,10.23_10.22_10.21_10.20_10.19_,50_347_307_558_332_
10:00:02,10.24,1,1689,10.25_10.26_10.27_10.28_10.29_,527_412_199_288_215_,10.23_10.22_10.21_10.20_10.19_,150_407_297_558_332_
